./log:here is the setUp: [0, 0, 0, 0, 0, 0, 0, 0, 0, 0, 11, 5, 3, 3, 4, 13, 13, 5, 14, 13, 5, 13, 8, 14, 1, 0, 0, 6, 0, 0, 0, 0, 3, 0, 4, 0, 6, 11, 4, 14, 3, 4, 0, 0, 0, 0, 0, 14, 14, 12, 14, 0, 0, 0, 0]
./log:here is the setUp: [0, 0, 0, 0, 0, 0, 0, 0, 0, 0, 11, 5, 3, 3, 4, 13, 13, 13, 14, 13, 5, 13, 8, 14, 1, 4, 0, 6, 0, 0, 0, 0, 3, 0, 4, 0, 6, 11, 4, 14, 3, 4, 0, 0, 4, 0, 0, 14, 14, 12, 14, 0, 0, 0, 0]
./log:here is the setUp: [0, 0, 0, 3, 0, 0, 2, 0, 0, 0, 0, 0, 5, 12, 13, 13, 13, 13, 14, 13, 5, 13, 8, 14, 1, 4, 8, 3, 4, 5, 0, 0, 3, 0, 4, 0, 13, 13, 0, 13, 14, 2, 1, 1, 4, 6, 0, 14, 14, 12, 14, 0, 0, 0, 11]
./log:here is the setUp: [0, 0, 0, 3, 0, 0, 0, 0, 0, 0, 3, 0, 5, 5, 4, 13, 13, 13, 14, 13, 14, 13, 8, 14, 1, 4, 8, 4, 4, 5, 4, 4, 3, 0, 0, 0, 2, 9, 4, 13, 14, 5, 13, 7, 2, 6, 0, 14, 14, 13, 14, 0, 0, 0, 11]
./log:here is the setUp: [0, 0, 0, 0, 0, 0, 0, 0, 0, 0, 0, 0, 0, 0, 0, 0, 13, 0, 14, 13, 5, 13, 0, 0, 0, 0, 0, 4, 4, 0, 0, 0, 3, 0, 4, 0, 6, 11, 4, 14, 3, 4, 0, 0, 0, 0, 0, 6, 3, 12, 14, 0, 0, 1, 0]
./log:here is the setUp: [0, 0, 0, 0, 0, 0, 0, 0, 0, 0, 0, 0, 3, 3, 0, 4, 8, 0, 14, 13, 5, 13, 8, 14, 1, 0, 0, 0, 0, 0, 0, 2, 0, 0, 0, 0, 0, 0, 4, 14, 3, 4, 0, 0, 0, 0, 0, 6, 3, 12, 14, 0, 0, 0, 8]
./log:here is the setUp: [0, 0, 0, 0, 0, 0, 0, 0, 0, 1, 0, 5, 3, 3, 4, 13, 13, 12, 14, 13, 5, 13, 8, 14, 1, 0, 0, 0, 0, 0, 0, 0, 3, 0, 4, 0, 6, 11, 4, 14, 3, 4, 0, 0, 0, 0, 1, 14, 14, 12, 14, 0, 0, 0, 0]
./log:here is the setUp: [0, 0, 0, 3, 0, 0, 2, 0, 0, 0, 0, 0, 5, 12, 13, 13, 13, 13, 14, 13, 5, 13, 8, 14, 1, 4, 8, 3, 4, 5, 0, 14, 13, 0, 5, 12, 13, 9, 4, 14, 14, 5, 13, 7, 2, 6, 9, 14, 14, 13, 14, 0, 0, 0, 11]
./log:here is the setUp: [0, 0, 0, 0, 0, 0, 0, 0, 0, 0, 0, 0, 0, 0, 0, 5, 13, 0, 14, 13, 7, 13, 8, 14, 1, 4, 0, 4, 0, 0, 0, 0, 0, 0, 4, 0, 6, 11, 4, 14, 3, 6, 5, 0, 0, 0, 1, 14, 6, 12, 14, 0, 0, 0, 0]
./log:here is the setUp: [0, 0, 0, 0, 0, 0, 0, 0, 0, 0, 3, 0, 5, 5, 4, 13, 13, 4, 14, 13, 5, 13, 8, 14, 1, 0, 0, 6, 0, 0, 0, 0, 3, 0, 4, 0, 6, 11, 4, 14, 3, 4, 0, 0, 0, 0, 0, 14, 14, 12, 14, 0, 0, 0, 0]
./log:here is the setUp: [0, 0, 0, 0, 0, 0, 0, 0, 0, 0, 0, 0, 3, 3, 4, 13, 13, 0, 14, 13, 5, 13, 8, 14, 1, 0, 0, 0, 0, 0, 0, 2, 0, 0, 4, 0, 6, 11, 4, 14, 3, 4, 0, 0, 0, 0, 1, 14, 14, 12, 14, 0, 0, 0, 0]
./log:here is the setUp: [0, 0, 0, 0, 0, 0, 0, 0, 0, 1, 0, 5, 3, 3, 4, 0, 13, 5, 14, 13, 0, 1, 0, 0, 0, 0, 0, 4, 0, 0, 0, 0, 3, 0, 4, 0, 0, 0, 0, 0, 0, 0, 0, 0, 0, 3, 0, 5, 3, 12, 14, 0, 0, 0, 8]
./log:here is the setUp: [0, 0, 0, 0, 2, 0, 0, 0, 0, 0, 0, 0, 5, 12, 13, 13, 13, 13, 14, 13, 5, 13, 8, 14, 1, 4, 8, 3, 4, 5, 0, 14, 13, 0, 5, 12, 13, 9, 4, 14, 14, 5, 13, 7, 2, 6, 9, 14, 14, 13, 14, 0, 0, 0, 11]
./log:here is the setUp: [0, 0, 0, 0, 0, 0, 2, 0, 0, 0, 0, 0, 5, 9, 3, 13, 13, 13, 14, 13, 3, 13, 8, 14, 1, 4, 0, 1, 0, 0, 0, 0, 3, 2, 4, 12, 13, 9, 0, 13, 14, 5, 13, 7, 2, 6, 0, 14, 14, 12, 14, 0, 0, 0, 6]
./log:here is the setUp: [0, 0, 0, 0, 0, 0, 0, 0, 0, 0, 11, 5, 3, 5, 4, 13, 13, 13, 14, 13, 14, 13, 8, 14, 1, 4, 8, 4, 4, 5, 4, 4, 3, 0, 4, 0, 13, 13, 3, 13, 14, 2, 1, 1, 4, 0, 0, 14, 14, 12, 14, 0, 0, 0, 0]
./log:here is the setUp: [0, 0, 0, 0, 2, 0, 0, 0, 0, 0, 0, 0, 3, 3, 4, 13, 13, 4, 14, 13, 5, 13, 8, 14, 1, 0, 0, 6, 0, 0, 0, 0, 3, 0, 4, 0, 6, 11, 4, 14, 3, 4, 0, 0, 0, 0, 0, 14, 14, 12, 14, 0, 0, 0, 0]
./log:here is the setUp: [0, 0, 0, 0, 0, 0, 0, 0, 0, 0, 3, 0, 5, 5, 4, 13, 13, 4, 14, 13, 5, 13, 8, 14, 1, 0, 0, 6, 0, 0, 0, 0, 3, 0, 4, 0, 6, 11, 4, 14, 3, 4, 0, 0, 0, 0, 1, 14, 6, 12, 14, 0, 0, 0, 0]
./log:here is the setUp: [0, 0, 0, 0, 0, 0, 0, 0, 0, 0, 0, 0, 0, 0, 0, 0, 13, 0, 14, 13, 5, 1, 0, 0, 0, 0, 0, 0, 0, 0, 0, 0, 3, 0, 0, 0, 0, 0, 0, 0, 3, 0, 0, 0, 0, 0, 0, 6, 3, 12, 14, 0, 0, 0, 0]
./log:here is the setUp: [0, 0, 0, 0, 0, 8, 0, 0, 0, 2, 0, 0, 5, 9, 12, 14, 13, 13, 14, 13, 5, 13, 7, 14, 1, 4, 8, 4, 4, 5, 4, 2, 7, 1, 1, 12, 13, 9, 0, 13, 14, 5, 13, 7, 2, 6, 9, 14, 14, 13, 14, 0, 0, 0, 12]
./log:here is the setUp: [0, 0, 0, 0, 0, 0, 0, 0, 0, 1, 0, 5, 3, 3, 4, 0, 13, 5, 14, 13, 0, 1, 0, 0, 0, 0, 0, 4, 0, 0, 0, 0, 3, 0, 4, 0, 6, 11, 4, 14, 3, 4, 0, 0, 0, 0, 0, 6, 3, 12, 14, 0, 0, 0, 8]
./log:here is the setUp: [0, 0, 0, 3, 0, 0, 0, 0, 0, 2, 0, 0, 5, 6, 12, 14, 13, 13, 14, 13, 5, 13, 7, 14, 1, 4, 8, 4, 4, 5, 4, 2, 7, 1, 0, 0, 2, 9, 0, 13, 14, 5, 13, 7, 2, 6, 10, 14, 14, 13, 14, 0, 0, 0, 11]
./log:here is the setUp: [0, 0, 0, 0, 0, 0, 0, 0, 0, 1, 0, 0, 5, 5, 4, 13, 13, 13, 14, 13, 14, 13, 8, 14, 1, 0, 0, 0, 0, 0, 0, 0, 3, 0, 4, 0, 6, 11, 4, 14, 14, 2, 1, 1, 4, 6, 10, 14, 14, 13, 14, 0, 0, 0, 0]
./log:here is the setUp: [0, 0, 0, 0, 0, 0, 0, 0, 0, 1, 0, 5, 3, 3, 4, 0, 13, 5, 6, 2, 0, 1, 0, 4, 0, 0, 0, 4, 0, 0, 0, 0, 3, 0, 4, 0, 0, 0, 0, 0, 0, 0, 0, 0, 0, 3, 0, 5, 3, 12, 14, 0, 0, 0, 0]
./log:here is the setUp: [0, 0, 0, 0, 0, 0, 0, 0, 0, 0, 11, 5, 3, 5, 4, 13, 13, 13, 14, 13, 14, 13, 8, 14, 1, 0, 0, 6, 0, 0, 0, 0, 3, 0, 0, 12, 6, 11, 4, 14, 3, 4, 0, 0, 0, 0, 0, 14, 14, 12, 14, 0, 0, 0, 0]
./log:here is the setUp: [0, 0, 0, 0, 2, 0, 0, 0, 0, 0, 0, 0, 5, 12, 13, 13, 13, 13, 14, 13, 14, 13, 8, 14, 1, 0, 0, 1, 0, 0, 0, 0, 3, 0, 4, 12, 13, 9, 4, 14, 14, 5, 13, 7, 2, 6, 9, 14, 14, 13, 14, 0, 0, 0, 11]
./log:here is the setUp: [0, 0, 0, 0, 0, 0, 0, 0, 0, 0, 0, 0, 0, 0, 0, 0, 13, 0, 14, 13, 5, 0, 0, 0, 0, 0, 0, 0, 0, 0, 0, 0, 3, 0, 4, 0, 0, 0, 0, 0, 3, 4, 0, 0, 0, 0, 0, 11, 3, 12, 14, 0, 0, 0, 0]
./log:here is the setUp: [0, 0, 0, 0, 0, 0, 0, 0, 4, 0, 0, 0, 0, 0, 0, 0, 0, 1, 6, 2, 0, 4, 0, 0, 0, 0, 0, 1, 0, 0, 0, 0, 0, 2, 0, 0, 0, 0, 0, 0, 0, 0, 0, 0, 0, 0, 0, 0, 1, 0, 0, 0, 0, 0, 10]
./log:here is the setUp: [0, 0, 0, 0, 0, 0, 0, 0, 0, 0, 3, 0, 5, 5, 4, 1, 13, 4, 14, 13, 5, 13, 8, 14, 1, 0, 0, 6, 0, 0, 0, 0, 3, 0, 4, 0, 6, 11, 4, 14, 3, 4, 0, 0, 0, 0, 1, 14, 6, 12, 14, 0, 0, 0, 0]
./log:here is the setUp: [0, 0, 0, 3, 0, 0, 2, 0, 0, 0, 0, 0, 5, 12, 13, 13, 13, 13, 14, 13, 8, 13, 8, 14, 1, 4, 8, 12, 4, 5, 4, 0, 3, 0, 0, 0, 0, 0, 0, 13, 14, 5, 13, 7, 2, 6, 0, 14, 14, 12, 14, 0, 0, 0, 11]
./log:here is the setUp: [0, 0, 0, 0, 2, 0, 0, 0, 0, 0, 0, 0, 5, 12, 13, 13, 13, 13, 14, 13, 14, 13, 11, 14, 1, 0, 0, 1, 0, 0, 0, 0, 3, 0, 4, 11, 7, 9, 0, 13, 14, 2, 0, 7, 2, 6, 9, 14, 14, 13, 14, 0, 0, 0, 11]
./log:here is the setUp: [0, 0, 0, 0, 0, 0, 0, 0, 0, 0, 0, 3, 3, 3, 0, 3, 0, 0, 6, 2, 0, 1, 0, 0, 0, 0, 0, 4, 0, 0, 2, 0, 0, 0, 0, 0, 0, 0, 2, 0, 3, 0, 0, 0, 0, 0, 0, 7, 0, 4, 0, 0, 0, 0, 0]
./log:here is the setUp: [0, 0, 0, 0, 0, 0, 0, 0, 0, 0, 0, 0, 0, 0, 0, 0, 13, 0, 14, 8, 7, 0, 0, 0, 0, 0, 0, 0, 0, 0, 0, 2, 0, 0, 0, 0, 0, 0, 0, 14, 3, 6, 0, 0, 0, 0, 1, 11, 3, 12, 14, 0, 0, 0, 0]
./log:here is the setUp: [0, 0, 0, 0, 0, 0, 0, 0, 0, 0, 11, 5, 3, 5, 4, 13, 13, 13, 14, 13, 14, 13, 8, 14, 1, 4, 8, 4, 4, 5, 4, 4, 3, 0, 0, 0, 6, 14, 4, 14, 3, 6, 5, 0, 0, 0, 1, 14, 6, 12, 14, 0, 0, 0, 0]
./log:here is the setUp: [0, 0, 0, 0, 0, 0, 0, 0, 0, 0, 11, 5, 3, 5, 4, 13, 13, 13, 14, 13, 14, 13, 8, 14, 1, 4, 8, 4, 4, 5, 4, 4, 3, 0, 0, 0, 6, 11, 4, 14, 3, 6, 5, 0, 0, 0, 1, 14, 6, 12, 14, 0, 4, 0, 0]
./log:here is the setUp: [0, 0, 0, 3, 0, 0, 0, 0, 5, 0, 3, 0, 5, 5, 4, 13, 13, 13, 14, 13, 14, 13, 8, 14, 1, 4, 8, 4, 4, 5, 4, 4, 3, 0, 0, 0, 2, 9, 4, 13, 14, 5, 13, 7, 2, 6, 0, 14, 14, 13, 14, 0, 0, 0, 11]
./log:here is the setUp: [0, 0, 0, 3, 0, 0, 0, 0, 0, 2, 0, 0, 5, 6, 12, 14, 13, 13, 14, 13, 5, 13, 7, 14, 1, 4, 8, 4, 4, 5, 4, 2, 3, 0, 0, 0, 0, 0, 0, 13, 14, 5, 13, 7, 2, 6, 10, 14, 14, 13, 14, 0, 0, 0, 11]
./log:here is the setUp: [0, 0, 0, 0, 0, 0, 0, 0, 0, 0, 0, 0, 5, 5, 4, 13, 13, 13, 14, 13, 14, 13, 8, 14, 1, 1, 8, 4, 4, 5, 4, 4, 3, 0, 4, 11, 7, 9, 0, 13, 14, 2, 0, 0, 4, 6, 0, 14, 14, 12, 14, 0, 0, 0, 6]
./log:here is the setUp: [0, 0, 0, 10, 0, 0, 2, 0, 0, 0, 0, 0, 5, 12, 13, 13, 13, 13, 14, 13, 5, 13, 8, 14, 1, 4, 8, 3, 4, 5, 0, 14, 13, 0, 5, 6, 13, 9, 4, 14, 14, 5, 13, 7, 2, 6, 9, 14, 14, 13, 14, 0, 0, 0, 11]
./log:here is the setUp: [0, 0, 0, 0, 0, 0, 0, 0, 0, 0, 0, 0, 3, 3, 0, 4, 8, 0, 6, 2, 0, 4, 0, 0, 4, 0, 0, 4, 0, 0, 2, 0, 0, 0, 0, 0, 0, 0, 2, 0, 3, 0, 0, 0, 0, 0, 0, 7, 0, 4, 0, 0, 0, 0, 0]
./log:here is the setUp: [0, 0, 0, 0, 0, 0, 0, 0, 0, 1, 0, 5, 3, 3, 4, 0, 13, 5, 6, 2, 0, 1, 0, 0, 0, 0, 0, 4, 0, 0, 0, 0, 3, 0, 4, 0, 0, 0, 0, 0, 0, 0, 0, 0, 0, 3, 0, 5, 3, 12, 14, 0, 0, 0, 8]
./log:here is the setUp: [0, 0, 0, 0, 0, 0, 0, 0, 0, 0, 11, 5, 3, 5, 4, 13, 13, 13, 14, 13, 14, 13, 8, 14, 1, 4, 8, 4, 4, 5, 4, 4, 3, 0, 0, 0, 6, 11, 4, 14, 3, 4, 0, 0, 0, 0, 0, 14, 14, 12, 14, 0, 0, 8, 0]
./log:here is the setUp: [0, 0, 0, 0, 0, 0, 0, 0, 0, 0, 0, 0, 3, 3, 0, 4, 8, 0, 14, 13, 5, 13, 8, 14, 1, 0, 0, 0, 0, 0, 0, 2, 0, 0, 0, 0, 2, 0, 4, 14, 3, 4, 0, 0, 0, 0, 0, 6, 3, 12, 14, 0, 0, 0, 8]
./log:here is the setUp: [0, 0, 0, 0, 2, 0, 0, 0, 0, 0, 0, 0, 3, 3, 0, 3, 0, 0, 6, 2, 0, 1, 0, 0, 0, 0, 0, 4, 0, 0, 0, 0, 3, 0, 4, 0, 0, 0, 0, 0, 0, 0, 0, 0, 0, 0, 0, 6, 3, 12, 14, 0, 0, 1, 0]
./log:here is the setUp: [0, 0, 0, 0, 0, 0, 0, 0, 0, 2, 3, 0, 5, 5, 0, 4, 8, 0, 14, 13, 5, 13, 8, 14, 1, 0, 0, 0, 0, 0, 0, 2, 0, 0, 0, 0, 0, 0, 4, 14, 3, 4, 0, 0, 0, 0, 1, 14, 3, 14, 14, 0, 0, 0, 0]
./log:here is the setUp: [0, 0, 0, 0, 0, 0, 0, 0, 0, 0, 0, 0, 0, 0, 0, 5, 13, 0, 14, 13, 7, 13, 8, 14, 1, 4, 0, 4, 0, 0, 0, 0, 0, 0, 4, 0, 0, 0, 1, 0, 0, 0, 0, 0, 0, 0, 1, 14, 6, 12, 14, 0, 0, 0, 0]
./log:here is the setUp: [0, 0, 0, 0, 0, 0, 2, 0, 0, 0, 0, 0, 5, 9, 3, 13, 13, 13, 14, 13, 3, 13, 8, 14, 1, 4, 0, 1, 0, 0, 0, 0, 3, 2, 4, 0, 13, 9, 0, 13, 14, 2, 1, 10, 4, 6, 6, 14, 14, 12, 14, 0, 0, 0, 6]
./log:here is the setUp: [0, 0, 0, 0, 2, 0, 0, 0, 0, 0, 11, 5, 3, 3, 4, 13, 13, 4, 14, 13, 5, 13, 8, 14, 1, 0, 0, 0, 0, 0, 0, 2, 0, 0, 4, 0, 6, 11, 4, 14, 3, 6, 0, 0, 0, 0, 1, 14, 6, 10, 14, 0, 0, 0, 0]
./log:here is the setUp: [0, 0, 0, 0, 0, 0, 0, 0, 0, 7, 11, 5, 3, 5, 4, 13, 13, 5, 14, 13, 14, 13, 8, 14, 1, 4, 8, 4, 4, 5, 4, 4, 3, 0, 4, 0, 13, 13, 3, 13, 14, 2, 1, 1, 4, 0, 0, 14, 14, 12, 14, 0, 0, 0, 0]
./log:here is the setUp: [0, 0, 0, 0, 0, 0, 0, 0, 0, 0, 11, 5, 3, 3, 4, 13, 13, 4, 14, 13, 5, 13, 8, 14, 1, 0, 0, 6, 0, 0, 0, 0, 3, 0, 4, 6, 6, 11, 4, 14, 3, 4, 0, 0, 0, 0, 0, 14, 14, 12, 14, 0, 0, 0, 6]
./log:here is the setUp: [0, 0, 0, 3, 0, 8, 0, 0, 0, 0, 0, 0, 5, 6, 12, 14, 13, 13, 14, 13, 5, 13, 8, 14, 1, 4, 8, 3, 4, 5, 0, 0, 3, 0, 4, 0, 13, 9, 0, 13, 14, 5, 13, 7, 2, 6, 10, 14, 14, 13, 14, 0, 0, 0, 11]
./log:here is the setUp: [0, 0, 0, 3, 0, 0, 2, 0, 0, 0, 0, 0, 5, 12, 13, 13, 13, 13, 14, 13, 5, 13, 8, 14, 1, 0, 0, 3, 4, 5, 0, 14, 13, 0, 5, 6, 13, 9, 4, 14, 14, 5, 13, 7, 2, 6, 9, 14, 14, 13, 14, 0, 0, 0, 0]
./log:here is the setUp: [0, 0, 0, 0, 0, 0, 0, 0, 0, 0, 0, 0, 5, 5, 4, 13, 13, 13, 14, 13, 14, 13, 8, 14, 1, 0, 0, 1, 0, 0, 0, 0, 3, 0, 4, 11, 7, 9, 0, 13, 14, 2, 0, 0, 4, 6, 1, 14, 14, 12, 14, 0, 0, 0, 6]
./log:here is the setUp: [0, 0, 0, 0, 0, 0, 0, 0, 0, 0, 0, 0, 0, 0, 0, 0, 13, 0, 14, 8, 0, 4, 0, 0, 0, 0, 0, 1, 0, 0, 0, 0, 3, 0, 4, 0, 0, 0, 0, 0, 3, 4, 0, 0, 0, 0, 0, 11, 3, 12, 14, 0, 0, 0, 5]
./log:here is the setUp: [0, 0, 0, 0, 0, 0, 0, 0, 0, 0, 0, 0, 0, 0, 0, 0, 13, 0, 6, 2, 0, 1, 0, 0, 0, 0, 0, 4, 0, 0, 0, 0, 3, 0, 4, 0, 0, 0, 0, 0, 3, 4, 0, 0, 0, 0, 0, 6, 3, 12, 14, 0, 0, 0, 0]
./log:here is the setUp: [0, 0, 0, 0, 0, 0, 0, 0, 0, 0, 11, 5, 3, 3, 4, 13, 13, 4, 14, 13, 5, 13, 8, 14, 1, 0, 0, 6, 0, 0, 0, 0, 3, 0, 4, 0, 6, 11, 4, 14, 3, 4, 0, 1, 0, 0, 0, 14, 4, 12, 14, 0, 0, 0, 0]
./log:here is the setUp: [0, 0, 0, 0, 0, 0, 0, 0, 0, 0, 3, 0, 5, 5, 4, 13, 13, 13, 14, 13, 6, 13, 8, 14, 1, 4, 0, 4, 0, 0, 0, 0, 3, 2, 4, 0, 6, 11, 4, 14, 3, 4, 0, 0, 0, 0, 0, 14, 14, 12, 14, 0, 0, 0, 0]
./log:here is the setUp: [0, 0, 0, 0, 2, 0, 0, 0, 0, 0, 0, 0, 3, 3, 0, 3, 0, 0, 6, 2, 0, 0, 0, 0, 0, 0, 0, 0, 0, 0, 0, 0, 0, 0, 0, 0, 0, 0, 0, 0, 3, 5, 0, 0, 0, 0, 0, 6, 3, 12, 14, 0, 0, 1, 0]
./log:here is the setUp: [0, 0, 0, 0, 2, 0, 0, 0, 0, 0, 0, 0, 0, 0, 0, 0, 13, 0, 6, 2, 0, 1, 0, 0, 0, 0, 0, 4, 2, 0, 0, 0, 3, 0, 0, 0, 0, 0, 0, 3, 0, 0, 0, 0, 0, 0, 0, 6, 3, 12, 14, 0, 0, 0, 3]
./log:here is the setUp: [0, 0, 0, 0, 0, 0, 2, 2, 0, 0, 3, 0, 5, 5, 4, 13, 13, 13, 14, 13, 14, 13, 8, 14, 1, 4, 0, 1, 0, 0, 0, 0, 3, 2, 4, 12, 13, 9, 0, 13, 14, 5, 13, 7, 2, 6, 0, 14, 14, 12, 14, 0, 0, 0, 6]
./log:here is the setUp: [0, 0, 0, 0, 0, 0, 0, 0, 0, 0, 11, 5, 3, 3, 9, 13, 13, 5, 14, 13, 5, 13, 8, 14, 1, 0, 0, 6, 0, 0, 0, 0, 3, 0, 4, 0, 6, 11, 4, 14, 3, 4, 0, 0, 0, 0, 0, 6, 3, 12, 14, 0, 0, 0, 8]
./log:here is the setUp: [0, 0, 0, 0, 0, 0, 0, 0, 0, 1, 0, 5, 3, 3, 4, 0, 13, 5, 6, 2, 0, 1, 0, 4, 0, 0, 0, 4, 0, 0, 0, 0, 3, 0, 4, 0, 0, 0, 0, 0, 0, 0, 0, 0, 0, 0, 0, 14, 3, 12, 14, 0, 0, 0, 0]
./log:here is the setUp: [0, 0, 0, 0, 0, 0, 0, 0, 0, 0, 0, 0, 3, 3, 3, 14, 13, 13, 14, 13, 5, 13, 8, 14, 1, 4, 0, 4, 0, 0, 0, 0, 0, 0, 4, 0, 6, 11, 4, 14, 3, 6, 5, 0, 0, 0, 1, 14, 6, 12, 14, 0, 0, 0, 0]
./log:here is the setUp: [0, 0, 0, 0, 0, 0, 0, 0, 0, 0, 0, 0, 0, 0, 0, 5, 13, 0, 14, 13, 5, 13, 0, 0, 1, 4, 0, 4, 0, 0, 0, 0, 0, 0, 4, 0, 0, 0, 1, 0, 0, 0, 0, 0, 0, 0, 1, 14, 6, 12, 14, 0, 0, 0, 0]
./log:here is the setUp: [0, 0, 0, 0, 0, 0, 0, 0, 0, 0, 11, 5, 3, 5, 4, 13, 13, 5, 14, 13, 14, 13, 8, 14, 1, 4, 8, 4, 4, 5, 4, 4, 3, 0, 4, 0, 13, 13, 3, 13, 14, 2, 1, 1, 4, 0, 0, 14, 14, 12, 14, 0, 0, 0, 0]
./log:here is the setUp: [0, 0, 0, 0, 0, 0, 2, 0, 0, 0, 3, 0, 5, 5, 4, 13, 13, 13, 14, 13, 14, 13, 8, 14, 1, 4, 0, 1, 0, 0, 0, 0, 3, 2, 4, 0, 13, 9, 0, 13, 14, 2, 1, 10, 4, 6, 6, 14, 13, 12, 14, 0, 0, 0, 6]
./log:here is the setUp: [0, 0, 0, 0, 0, 0, 0, 0, 0, 0, 3, 0, 0, 0, 0, 0, 13, 0, 6, 2, 0, 1, 0, 0, 0, 0, 0, 4, 0, 0, 0, 0, 3, 0, 4, 0, 0, 0, 0, 0, 3, 4, 0, 0, 0, 0, 1, 14, 3, 14, 14, 0, 0, 0, 0]
./log:here is the setUp: [0, 0, 0, 0, 0, 0, 0, 0, 0, 0, 3, 0, 5, 5, 4, 13, 13, 13, 14, 13, 14, 13, 8, 14, 1, 1, 8, 4, 4, 5, 4, 4, 3, 0, 0, 0, 2, 9, 4, 14, 3, 4, 1, 1, 4, 0, 0, 14, 14, 12, 14, 0, 0, 0, 0]
./log:here is the setUp: [0, 0, 0, 0, 0, 0, 0, 0, 0, 0, 11, 5, 3, 3, 4, 13, 13, 5, 14, 13, 5, 13, 8, 14, 1, 0, 0, 6, 0, 0, 0, 0, 3, 0, 4, 0, 6, 11, 4, 14, 3, 4, 0, 0, 0, 0, 0, 14, 14, 12, 14, 0, 0, 0, 0]
./log:here is the setUp: [0, 0, 0, 0, 0, 0, 0, 0, 0, 0, 11, 5, 3, 3, 4, 13, 13, 13, 14, 13, 5, 13, 8, 14, 1, 4, 0, 6, 0, 0, 0, 0, 3, 0, 4, 0, 6, 11, 4, 14, 3, 4, 0, 0, 4, 0, 0, 14, 14, 12, 14, 0, 0, 0, 0]
./log:here is the setUp: [0, 0, 0, 3, 0, 0, 2, 0, 0, 0, 0, 0, 5, 12, 13, 13, 13, 13, 14, 13, 5, 13, 8, 14, 1, 4, 8, 3, 4, 5, 0, 0, 3, 0, 4, 0, 13, 13, 0, 13, 14, 2, 1, 1, 4, 6, 0, 14, 14, 12, 14, 0, 0, 0, 11]
./log:here is the setUp: [0, 0, 0, 3, 0, 0, 0, 0, 0, 0, 3, 0, 5, 5, 4, 13, 13, 13, 14, 13, 14, 13, 8, 14, 1, 4, 8, 4, 4, 5, 4, 4, 3, 0, 0, 0, 2, 9, 4, 13, 14, 5, 13, 7, 2, 6, 0, 14, 14, 13, 14, 0, 0, 0, 11]
./log:here is the setUp: [0, 0, 0, 0, 0, 0, 0, 0, 0, 0, 0, 0, 0, 0, 0, 0, 13, 0, 14, 13, 5, 13, 0, 0, 0, 0, 0, 4, 4, 0, 0, 0, 3, 0, 4, 0, 6, 11, 4, 14, 3, 4, 0, 0, 0, 0, 0, 6, 3, 12, 14, 0, 0, 1, 0]
./log:here is the setUp: [0, 0, 0, 0, 0, 0, 0, 0, 0, 0, 0, 0, 3, 3, 0, 4, 8, 0, 14, 13, 5, 13, 8, 14, 1, 0, 0, 0, 0, 0, 0, 2, 0, 0, 0, 0, 0, 0, 4, 14, 3, 4, 0, 0, 0, 0, 0, 6, 3, 12, 14, 0, 0, 0, 8]
./log:here is the setUp: [0, 0, 0, 0, 0, 0, 0, 0, 0, 1, 0, 5, 3, 3, 4, 13, 13, 12, 14, 13, 5, 13, 8, 14, 1, 0, 0, 0, 0, 0, 0, 0, 3, 0, 4, 0, 6, 11, 4, 14, 3, 4, 0, 0, 0, 0, 1, 14, 14, 12, 14, 0, 0, 0, 0]
./log:here is the setUp: [0, 0, 0, 3, 0, 0, 2, 0, 0, 0, 0, 0, 5, 12, 13, 13, 13, 13, 14, 13, 5, 13, 8, 14, 1, 4, 8, 3, 4, 5, 0, 14, 13, 0, 5, 12, 13, 9, 4, 14, 14, 5, 13, 7, 2, 6, 9, 14, 14, 13, 14, 0, 0, 0, 11]
./log:here is the setUp: [0, 0, 0, 0, 0, 0, 0, 0, 0, 0, 0, 0, 0, 0, 0, 5, 13, 0, 14, 13, 7, 13, 8, 14, 1, 4, 0, 4, 0, 0, 0, 0, 0, 0, 4, 0, 6, 11, 4, 14, 3, 6, 5, 0, 0, 0, 1, 14, 6, 12, 14, 0, 0, 0, 0]
./log:here is the setUp: [0, 0, 0, 0, 0, 0, 0, 0, 0, 0, 3, 0, 5, 5, 4, 13, 13, 4, 14, 13, 5, 13, 8, 14, 1, 0, 0, 6, 0, 0, 0, 0, 3, 0, 4, 0, 6, 11, 4, 14, 3, 4, 0, 0, 0, 0, 0, 14, 14, 12, 14, 0, 0, 0, 0]
./log:here is the setUp: [0, 0, 0, 0, 0, 0, 0, 0, 0, 0, 0, 0, 3, 3, 4, 13, 13, 0, 14, 13, 5, 13, 8, 14, 1, 0, 0, 0, 0, 0, 0, 2, 0, 0, 4, 0, 6, 11, 4, 14, 3, 4, 0, 0, 0, 0, 1, 14, 14, 12, 14, 0, 0, 0, 0]
./log:here is the setUp: [0, 0, 0, 0, 0, 0, 0, 0, 0, 1, 0, 5, 3, 3, 4, 0, 13, 5, 14, 13, 0, 1, 0, 0, 0, 0, 0, 4, 0, 0, 0, 0, 3, 0, 4, 0, 0, 0, 0, 0, 0, 0, 0, 0, 0, 3, 0, 5, 3, 12, 14, 0, 0, 0, 8]
./log:here is the setUp: [0, 0, 0, 0, 2, 0, 0, 0, 0, 0, 0, 0, 5, 12, 13, 13, 13, 13, 14, 13, 5, 13, 8, 14, 1, 4, 8, 3, 4, 5, 0, 14, 13, 0, 5, 12, 13, 9, 4, 14, 14, 5, 13, 7, 2, 6, 9, 14, 14, 13, 14, 0, 0, 0, 11]
./log:here is the setUp: [0, 0, 0, 0, 0, 0, 2, 0, 0, 0, 0, 0, 5, 9, 3, 13, 13, 13, 14, 13, 3, 13, 8, 14, 1, 4, 0, 1, 0, 0, 0, 0, 3, 2, 4, 12, 13, 9, 0, 13, 14, 5, 13, 7, 2, 6, 0, 14, 14, 12, 14, 0, 0, 0, 6]
./log:here is the setUp: [0, 0, 0, 0, 0, 0, 0, 0, 0, 0, 11, 5, 3, 5, 4, 13, 13, 13, 14, 13, 14, 13, 8, 14, 1, 4, 8, 4, 4, 5, 4, 4, 3, 0, 4, 0, 13, 13, 3, 13, 14, 2, 1, 1, 4, 0, 0, 14, 14, 12, 14, 0, 0, 0, 0]
./log:here is the setUp: [0, 0, 0, 0, 2, 0, 0, 0, 0, 0, 0, 0, 3, 3, 4, 13, 13, 4, 14, 13, 5, 13, 8, 14, 1, 0, 0, 6, 0, 0, 0, 0, 3, 0, 4, 0, 6, 11, 4, 14, 3, 4, 0, 0, 0, 0, 0, 14, 14, 12, 14, 0, 0, 0, 0]
./log:here is the setUp: [0, 0, 0, 0, 0, 0, 0, 0, 0, 0, 3, 0, 5, 5, 4, 13, 13, 4, 14, 13, 5, 13, 8, 14, 1, 0, 0, 6, 0, 0, 0, 0, 3, 0, 4, 0, 6, 11, 4, 14, 3, 4, 0, 0, 0, 0, 1, 14, 6, 12, 14, 0, 0, 0, 0]
./log:here is the setUp: [0, 0, 0, 0, 0, 0, 0, 0, 0, 0, 0, 0, 0, 0, 0, 0, 13, 0, 14, 13, 5, 1, 0, 0, 0, 0, 0, 0, 0, 0, 0, 0, 3, 0, 0, 0, 0, 0, 0, 0, 3, 0, 0, 0, 0, 0, 0, 6, 3, 12, 14, 0, 0, 0, 0]
./log:here is the setUp: [0, 0, 0, 0, 0, 8, 0, 0, 0, 2, 0, 0, 5, 9, 12, 14, 13, 13, 14, 13, 5, 13, 7, 14, 1, 4, 8, 4, 4, 5, 4, 2, 7, 1, 1, 12, 13, 9, 0, 13, 14, 5, 13, 7, 2, 6, 9, 14, 14, 13, 14, 0, 0, 0, 12]
./log:here is the setUp: [0, 0, 0, 0, 0, 0, 0, 0, 0, 1, 0, 5, 3, 3, 4, 0, 13, 5, 14, 13, 0, 1, 0, 0, 0, 0, 0, 4, 0, 0, 0, 0, 3, 0, 4, 0, 6, 11, 4, 14, 3, 4, 0, 0, 0, 0, 0, 6, 3, 12, 14, 0, 0, 0, 8]
./log:here is the setUp: [0, 0, 0, 3, 0, 0, 0, 0, 0, 2, 0, 0, 5, 6, 12, 14, 13, 13, 14, 13, 5, 13, 7, 14, 1, 4, 8, 4, 4, 5, 4, 2, 7, 1, 0, 0, 2, 9, 0, 13, 14, 5, 13, 7, 2, 6, 10, 14, 14, 13, 14, 0, 0, 0, 11]
./log:here is the setUp: [0, 0, 0, 0, 0, 0, 0, 0, 0, 1, 0, 0, 5, 5, 4, 13, 13, 13, 14, 13, 14, 13, 8, 14, 1, 0, 0, 0, 0, 0, 0, 0, 3, 0, 4, 0, 6, 11, 4, 14, 14, 2, 1, 1, 4, 6, 10, 14, 14, 13, 14, 0, 0, 0, 0]
./log:here is the setUp: [0, 0, 0, 0, 0, 0, 0, 0, 0, 1, 0, 5, 3, 3, 4, 0, 13, 5, 6, 2, 0, 1, 0, 4, 0, 0, 0, 4, 0, 0, 0, 0, 3, 0, 4, 0, 0, 0, 0, 0, 0, 0, 0, 0, 0, 3, 0, 5, 3, 12, 14, 0, 0, 0, 0]
./log:here is the setUp: [0, 0, 0, 0, 0, 0, 0, 0, 0, 0, 11, 5, 3, 5, 4, 13, 13, 13, 14, 13, 14, 13, 8, 14, 1, 0, 0, 6, 0, 0, 0, 0, 3, 0, 0, 12, 6, 11, 4, 14, 3, 4, 0, 0, 0, 0, 0, 14, 14, 12, 14, 0, 0, 0, 0]
./log:here is the setUp: [0, 0, 0, 0, 2, 0, 0, 0, 0, 0, 0, 0, 5, 12, 13, 13, 13, 13, 14, 13, 14, 13, 8, 14, 1, 0, 0, 1, 0, 0, 0, 0, 3, 0, 4, 12, 13, 9, 4, 14, 14, 5, 13, 7, 2, 6, 9, 14, 14, 13, 14, 0, 0, 0, 11]
./log:here is the setUp: [0, 0, 0, 0, 0, 0, 0, 0, 0, 0, 0, 0, 0, 0, 0, 0, 13, 0, 14, 13, 5, 0, 0, 0, 0, 0, 0, 0, 0, 0, 0, 0, 3, 0, 4, 0, 0, 0, 0, 0, 3, 4, 0, 0, 0, 0, 0, 11, 3, 12, 14, 0, 0, 0, 0]
./log:here is the setUp: [0, 0, 0, 0, 0, 0, 0, 0, 4, 0, 0, 0, 0, 0, 0, 0, 0, 1, 6, 2, 0, 4, 0, 0, 0, 0, 0, 1, 0, 0, 0, 0, 0, 2, 0, 0, 0, 0, 0, 0, 0, 0, 0, 0, 0, 0, 0, 0, 1, 0, 0, 0, 0, 0, 10]
./log:here is the setUp: [0, 0, 0, 0, 0, 0, 0, 0, 0, 0, 3, 0, 5, 5, 4, 1, 13, 4, 14, 13, 5, 13, 8, 14, 1, 0, 0, 6, 0, 0, 0, 0, 3, 0, 4, 0, 6, 11, 4, 14, 3, 4, 0, 0, 0, 0, 1, 14, 6, 12, 14, 0, 0, 0, 0]
./log:here is the setUp: [0, 0, 0, 3, 0, 0, 2, 0, 0, 0, 0, 0, 5, 12, 13, 13, 13, 13, 14, 13, 8, 13, 8, 14, 1, 4, 8, 12, 4, 5, 4, 0, 3, 0, 0, 0, 0, 0, 0, 13, 14, 5, 13, 7, 2, 6, 0, 14, 14, 12, 14, 0, 0, 0, 11]
./log:here is the setUp: [0, 0, 0, 0, 2, 0, 0, 0, 0, 0, 0, 0, 5, 12, 13, 13, 13, 13, 14, 13, 14, 13, 11, 14, 1, 0, 0, 1, 0, 0, 0, 0, 3, 0, 4, 11, 7, 9, 0, 13, 14, 2, 0, 7, 2, 6, 9, 14, 14, 13, 14, 0, 0, 0, 11]
./log:here is the setUp: [0, 0, 0, 0, 0, 0, 0, 0, 0, 0, 0, 3, 3, 3, 0, 3, 0, 0, 6, 2, 0, 1, 0, 0, 0, 0, 0, 4, 0, 0, 2, 0, 0, 0, 0, 0, 0, 0, 2, 0, 3, 0, 0, 0, 0, 0, 0, 7, 0, 4, 0, 0, 0, 0, 0]
./log:here is the setUp: [0, 0, 0, 0, 0, 0, 0, 0, 0, 0, 0, 0, 0, 0, 0, 0, 13, 0, 14, 8, 7, 0, 0, 0, 0, 0, 0, 0, 0, 0, 0, 2, 0, 0, 0, 0, 0, 0, 0, 14, 3, 6, 0, 0, 0, 0, 1, 11, 3, 12, 14, 0, 0, 0, 0]
./log:here is the setUp: [0, 0, 0, 0, 0, 0, 0, 0, 0, 0, 11, 5, 3, 5, 4, 13, 13, 13, 14, 13, 14, 13, 8, 14, 1, 4, 8, 4, 4, 5, 4, 4, 3, 0, 0, 0, 6, 14, 4, 14, 3, 6, 5, 0, 0, 0, 1, 14, 6, 12, 14, 0, 0, 0, 0]
./log:here is the setUp: [0, 0, 0, 0, 0, 0, 0, 0, 0, 0, 11, 5, 3, 5, 4, 13, 13, 13, 14, 13, 14, 13, 8, 14, 1, 4, 8, 4, 4, 5, 4, 4, 3, 0, 0, 0, 6, 11, 4, 14, 3, 6, 5, 0, 0, 0, 1, 14, 6, 12, 14, 0, 4, 0, 0]
./log:here is the setUp: [0, 0, 0, 3, 0, 0, 0, 0, 5, 0, 3, 0, 5, 5, 4, 13, 13, 13, 14, 13, 14, 13, 8, 14, 1, 4, 8, 4, 4, 5, 4, 4, 3, 0, 0, 0, 2, 9, 4, 13, 14, 5, 13, 7, 2, 6, 0, 14, 14, 13, 14, 0, 0, 0, 11]
./log:here is the setUp: [0, 0, 0, 3, 0, 0, 0, 0, 0, 2, 0, 0, 5, 6, 12, 14, 13, 13, 14, 13, 5, 13, 7, 14, 1, 4, 8, 4, 4, 5, 4, 2, 3, 0, 0, 0, 0, 0, 0, 13, 14, 5, 13, 7, 2, 6, 10, 14, 14, 13, 14, 0, 0, 0, 11]
./log:here is the setUp: [0, 0, 0, 0, 0, 0, 0, 0, 0, 0, 0, 0, 5, 5, 4, 13, 13, 13, 14, 13, 14, 13, 8, 14, 1, 1, 8, 4, 4, 5, 4, 4, 3, 0, 4, 11, 7, 9, 0, 13, 14, 2, 0, 0, 4, 6, 0, 14, 14, 12, 14, 0, 0, 0, 6]
./log:here is the setUp: [0, 0, 0, 10, 0, 0, 2, 0, 0, 0, 0, 0, 5, 12, 13, 13, 13, 13, 14, 13, 5, 13, 8, 14, 1, 4, 8, 3, 4, 5, 0, 14, 13, 0, 5, 6, 13, 9, 4, 14, 14, 5, 13, 7, 2, 6, 9, 14, 14, 13, 14, 0, 0, 0, 11]
./log:here is the setUp: [0, 0, 0, 0, 0, 0, 0, 0, 0, 0, 0, 0, 3, 3, 0, 4, 8, 0, 6, 2, 0, 4, 0, 0, 4, 0, 0, 4, 0, 0, 2, 0, 0, 0, 0, 0, 0, 0, 2, 0, 3, 0, 0, 0, 0, 0, 0, 7, 0, 4, 0, 0, 0, 0, 0]
./log:here is the setUp: [0, 0, 0, 0, 0, 0, 0, 0, 0, 1, 0, 5, 3, 3, 4, 0, 13, 5, 6, 2, 0, 1, 0, 0, 0, 0, 0, 4, 0, 0, 0, 0, 3, 0, 4, 0, 0, 0, 0, 0, 0, 0, 0, 0, 0, 3, 0, 5, 3, 12, 14, 0, 0, 0, 8]
./log:here is the setUp: [0, 0, 0, 0, 0, 0, 0, 0, 0, 0, 11, 5, 3, 5, 4, 13, 13, 13, 14, 13, 14, 13, 8, 14, 1, 4, 8, 4, 4, 5, 4, 4, 3, 0, 0, 0, 6, 11, 4, 14, 3, 4, 0, 0, 0, 0, 0, 14, 14, 12, 14, 0, 0, 8, 0]
./log:here is the setUp: [0, 0, 0, 0, 0, 0, 0, 0, 0, 0, 0, 0, 3, 3, 0, 4, 8, 0, 14, 13, 5, 13, 8, 14, 1, 0, 0, 0, 0, 0, 0, 2, 0, 0, 0, 0, 2, 0, 4, 14, 3, 4, 0, 0, 0, 0, 0, 6, 3, 12, 14, 0, 0, 0, 8]
./log:here is the setUp: [0, 0, 0, 0, 2, 0, 0, 0, 0, 0, 0, 0, 3, 3, 0, 3, 0, 0, 6, 2, 0, 1, 0, 0, 0, 0, 0, 4, 0, 0, 0, 0, 3, 0, 4, 0, 0, 0, 0, 0, 0, 0, 0, 0, 0, 0, 0, 6, 3, 12, 14, 0, 0, 1, 0]
./log:here is the setUp: [0, 0, 0, 0, 0, 0, 0, 0, 0, 2, 3, 0, 5, 5, 0, 4, 8, 0, 14, 13, 5, 13, 8, 14, 1, 0, 0, 0, 0, 0, 0, 2, 0, 0, 0, 0, 0, 0, 4, 14, 3, 4, 0, 0, 0, 0, 1, 14, 3, 14, 14, 0, 0, 0, 0]
./log:here is the setUp: [0, 0, 0, 0, 0, 0, 0, 0, 0, 0, 0, 0, 0, 0, 0, 5, 13, 0, 14, 13, 7, 13, 8, 14, 1, 4, 0, 4, 0, 0, 0, 0, 0, 0, 4, 0, 0, 0, 1, 0, 0, 0, 0, 0, 0, 0, 1, 14, 6, 12, 14, 0, 0, 0, 0]
./log:here is the setUp: [0, 0, 0, 0, 0, 0, 2, 0, 0, 0, 0, 0, 5, 9, 3, 13, 13, 13, 14, 13, 3, 13, 8, 14, 1, 4, 0, 1, 0, 0, 0, 0, 3, 2, 4, 0, 13, 9, 0, 13, 14, 2, 1, 10, 4, 6, 6, 14, 14, 12, 14, 0, 0, 0, 6]
./log:here is the setUp: [0, 0, 0, 0, 2, 0, 0, 0, 0, 0, 11, 5, 3, 3, 4, 13, 13, 4, 14, 13, 5, 13, 8, 14, 1, 0, 0, 0, 0, 0, 0, 2, 0, 0, 4, 0, 6, 11, 4, 14, 3, 6, 0, 0, 0, 0, 1, 14, 6, 10, 14, 0, 0, 0, 0]
./log:here is the setUp: [0, 0, 0, 0, 0, 0, 0, 0, 0, 7, 11, 5, 3, 5, 4, 13, 13, 5, 14, 13, 14, 13, 8, 14, 1, 4, 8, 4, 4, 5, 4, 4, 3, 0, 4, 0, 13, 13, 3, 13, 14, 2, 1, 1, 4, 0, 0, 14, 14, 12, 14, 0, 0, 0, 0]
./log:here is the setUp: [0, 0, 0, 0, 0, 0, 0, 0, 0, 0, 11, 5, 3, 3, 4, 13, 13, 4, 14, 13, 5, 13, 8, 14, 1, 0, 0, 6, 0, 0, 0, 0, 3, 0, 4, 6, 6, 11, 4, 14, 3, 4, 0, 0, 0, 0, 0, 14, 14, 12, 14, 0, 0, 0, 6]
./log:here is the setUp: [0, 0, 0, 3, 0, 8, 0, 0, 0, 0, 0, 0, 5, 6, 12, 14, 13, 13, 14, 13, 5, 13, 8, 14, 1, 4, 8, 3, 4, 5, 0, 0, 3, 0, 4, 0, 13, 9, 0, 13, 14, 5, 13, 7, 2, 6, 10, 14, 14, 13, 14, 0, 0, 0, 11]
./log:here is the setUp: [0, 0, 0, 3, 0, 0, 2, 0, 0, 0, 0, 0, 5, 12, 13, 13, 13, 13, 14, 13, 5, 13, 8, 14, 1, 0, 0, 3, 4, 5, 0, 14, 13, 0, 5, 6, 13, 9, 4, 14, 14, 5, 13, 7, 2, 6, 9, 14, 14, 13, 14, 0, 0, 0, 0]
./log:here is the setUp: [0, 0, 0, 0, 0, 0, 0, 0, 0, 0, 0, 0, 5, 5, 4, 13, 13, 13, 14, 13, 14, 13, 8, 14, 1, 0, 0, 1, 0, 0, 0, 0, 3, 0, 4, 11, 7, 9, 0, 13, 14, 2, 0, 0, 4, 6, 1, 14, 14, 12, 14, 0, 0, 0, 6]
./log:here is the setUp: [0, 0, 0, 0, 0, 0, 0, 0, 0, 0, 0, 0, 0, 0, 0, 0, 13, 0, 14, 8, 0, 4, 0, 0, 0, 0, 0, 1, 0, 0, 0, 0, 3, 0, 4, 0, 0, 0, 0, 0, 3, 4, 0, 0, 0, 0, 0, 11, 3, 12, 14, 0, 0, 0, 5]
./log:here is the setUp: [0, 0, 0, 0, 0, 0, 0, 0, 0, 0, 0, 0, 0, 0, 0, 0, 13, 0, 6, 2, 0, 1, 0, 0, 0, 0, 0, 4, 0, 0, 0, 0, 3, 0, 4, 0, 0, 0, 0, 0, 3, 4, 0, 0, 0, 0, 0, 6, 3, 12, 14, 0, 0, 0, 0]
./log:here is the setUp: [0, 0, 0, 0, 0, 0, 0, 0, 0, 0, 11, 5, 3, 3, 4, 13, 13, 4, 14, 13, 5, 13, 8, 14, 1, 0, 0, 6, 0, 0, 0, 0, 3, 0, 4, 0, 6, 11, 4, 14, 3, 4, 0, 1, 0, 0, 0, 14, 4, 12, 14, 0, 0, 0, 0]
./log:here is the setUp: [0, 0, 0, 0, 0, 0, 0, 0, 0, 0, 3, 0, 5, 5, 4, 13, 13, 13, 14, 13, 6, 13, 8, 14, 1, 4, 0, 4, 0, 0, 0, 0, 3, 2, 4, 0, 6, 11, 4, 14, 3, 4, 0, 0, 0, 0, 0, 14, 14, 12, 14, 0, 0, 0, 0]
./log:here is the setUp: [0, 0, 0, 0, 2, 0, 0, 0, 0, 0, 0, 0, 3, 3, 0, 3, 0, 0, 6, 2, 0, 0, 0, 0, 0, 0, 0, 0, 0, 0, 0, 0, 0, 0, 0, 0, 0, 0, 0, 0, 3, 5, 0, 0, 0, 0, 0, 6, 3, 12, 14, 0, 0, 1, 0]
./log:here is the setUp: [0, 0, 0, 0, 2, 0, 0, 0, 0, 0, 0, 0, 0, 0, 0, 0, 13, 0, 6, 2, 0, 1, 0, 0, 0, 0, 0, 4, 2, 0, 0, 0, 3, 0, 0, 0, 0, 0, 0, 3, 0, 0, 0, 0, 0, 0, 0, 6, 3, 12, 14, 0, 0, 0, 3]
./log:here is the setUp: [0, 0, 0, 0, 0, 0, 2, 2, 0, 0, 3, 0, 5, 5, 4, 13, 13, 13, 14, 13, 14, 13, 8, 14, 1, 4, 0, 1, 0, 0, 0, 0, 3, 2, 4, 12, 13, 9, 0, 13, 14, 5, 13, 7, 2, 6, 0, 14, 14, 12, 14, 0, 0, 0, 6]
./log:here is the setUp: [0, 0, 0, 0, 0, 0, 0, 0, 0, 0, 11, 5, 3, 3, 9, 13, 13, 5, 14, 13, 5, 13, 8, 14, 1, 0, 0, 6, 0, 0, 0, 0, 3, 0, 4, 0, 6, 11, 4, 14, 3, 4, 0, 0, 0, 0, 0, 6, 3, 12, 14, 0, 0, 0, 8]
./log:here is the setUp: [0, 0, 0, 0, 0, 0, 0, 0, 0, 1, 0, 5, 3, 3, 4, 0, 13, 5, 6, 2, 0, 1, 0, 4, 0, 0, 0, 4, 0, 0, 0, 0, 3, 0, 4, 0, 0, 0, 0, 0, 0, 0, 0, 0, 0, 0, 0, 14, 3, 12, 14, 0, 0, 0, 0]
./log:here is the setUp: [0, 0, 0, 0, 0, 0, 0, 0, 0, 0, 0, 0, 3, 3, 3, 14, 13, 13, 14, 13, 5, 13, 8, 14, 1, 4, 0, 4, 0, 0, 0, 0, 0, 0, 4, 0, 6, 11, 4, 14, 3, 6, 5, 0, 0, 0, 1, 14, 6, 12, 14, 0, 0, 0, 0]
./log:here is the setUp: [0, 0, 0, 0, 0, 0, 0, 0, 0, 0, 0, 0, 0, 0, 0, 5, 13, 0, 14, 13, 5, 13, 0, 0, 1, 4, 0, 4, 0, 0, 0, 0, 0, 0, 4, 0, 0, 0, 1, 0, 0, 0, 0, 0, 0, 0, 1, 14, 6, 12, 14, 0, 0, 0, 0]
./log:here is the setUp: [0, 0, 0, 0, 0, 0, 0, 0, 0, 0, 11, 5, 3, 5, 4, 13, 13, 5, 14, 13, 14, 13, 8, 14, 1, 4, 8, 4, 4, 5, 4, 4, 3, 0, 4, 0, 13, 13, 3, 13, 14, 2, 1, 1, 4, 0, 0, 14, 14, 12, 14, 0, 0, 0, 0]
./log:here is the setUp: [0, 0, 0, 0, 0, 0, 2, 0, 0, 0, 3, 0, 5, 5, 4, 13, 13, 13, 14, 13, 14, 13, 8, 14, 1, 4, 0, 1, 0, 0, 0, 0, 3, 2, 4, 0, 13, 9, 0, 13, 14, 2, 1, 10, 4, 6, 6, 14, 13, 12, 14, 0, 0, 0, 6]
./log:here is the setUp: [0, 0, 0, 0, 0, 0, 0, 0, 0, 0, 3, 0, 0, 0, 0, 0, 13, 0, 6, 2, 0, 1, 0, 0, 0, 0, 0, 4, 0, 0, 0, 0, 3, 0, 4, 0, 0, 0, 0, 0, 3, 4, 0, 0, 0, 0, 1, 14, 3, 14, 14, 0, 0, 0, 0]
./log:here is the setUp: [0, 0, 0, 0, 0, 0, 0, 0, 0, 0, 3, 0, 5, 5, 4, 13, 13, 13, 14, 13, 14, 13, 8, 14, 1, 1, 8, 4, 4, 5, 4, 4, 3, 0, 0, 0, 2, 9, 4, 14, 3, 4, 1, 1, 4, 0, 0, 14, 14, 12, 14, 0, 0, 0, 0]
./log:here is the setUp: [0, 0, 0, 0, 0, 0, 0, 0, 0, 0, 11, 5, 3, 3, 4, 13, 13, 5, 14, 13, 5, 13, 8, 14, 1, 0, 0, 6, 0, 0, 0, 0, 3, 0, 4, 0, 6, 11, 4, 14, 3, 4, 0, 0, 0, 0, 0, 14, 14, 12, 14, 0, 0, 0, 0]
./log:here is the setUp: [0, 0, 0, 0, 0, 0, 0, 0, 0, 0, 11, 5, 3, 3, 4, 13, 13, 13, 14, 13, 5, 13, 8, 14, 1, 4, 0, 6, 0, 0, 0, 0, 3, 0, 4, 0, 6, 11, 4, 14, 3, 4, 0, 0, 4, 0, 0, 14, 14, 12, 14, 0, 0, 0, 0]
./log:here is the setUp: [0, 0, 0, 3, 0, 0, 2, 0, 0, 0, 0, 0, 5, 12, 13, 13, 13, 13, 14, 13, 5, 13, 8, 14, 1, 4, 8, 3, 4, 5, 0, 0, 3, 0, 4, 0, 13, 13, 0, 13, 14, 2, 1, 1, 4, 6, 0, 14, 14, 12, 14, 0, 0, 0, 11]
./log:here is the setUp: [0, 0, 0, 3, 0, 0, 0, 0, 0, 0, 3, 0, 5, 5, 4, 13, 13, 13, 14, 13, 14, 13, 8, 14, 1, 4, 8, 4, 4, 5, 4, 4, 3, 0, 0, 0, 2, 9, 4, 13, 14, 5, 13, 7, 2, 6, 0, 14, 14, 13, 14, 0, 0, 0, 11]
./log:here is the setUp: [0, 0, 0, 0, 0, 0, 0, 0, 0, 0, 0, 0, 0, 0, 0, 0, 13, 0, 14, 13, 5, 13, 0, 0, 0, 0, 0, 4, 4, 0, 0, 0, 3, 0, 4, 0, 6, 11, 4, 14, 3, 4, 0, 0, 0, 0, 0, 6, 3, 12, 14, 0, 0, 1, 0]
./log:here is the setUp: [0, 0, 0, 0, 0, 0, 0, 0, 0, 0, 0, 0, 3, 3, 0, 4, 8, 0, 14, 13, 5, 13, 8, 14, 1, 0, 0, 0, 0, 0, 0, 2, 0, 0, 0, 0, 0, 0, 4, 14, 3, 4, 0, 0, 0, 0, 0, 6, 3, 12, 14, 0, 0, 0, 8]
./log:here is the setUp: [0, 0, 0, 0, 0, 0, 0, 0, 0, 1, 0, 5, 3, 3, 4, 13, 13, 12, 14, 13, 5, 13, 8, 14, 1, 0, 0, 0, 0, 0, 0, 0, 3, 0, 4, 0, 6, 11, 4, 14, 3, 4, 0, 0, 0, 0, 1, 14, 14, 12, 14, 0, 0, 0, 0]
./log:here is the setUp: [0, 0, 0, 3, 0, 0, 2, 0, 0, 0, 0, 0, 5, 12, 13, 13, 13, 13, 14, 13, 5, 13, 8, 14, 1, 4, 8, 3, 4, 5, 0, 14, 13, 0, 5, 12, 13, 9, 4, 14, 14, 5, 13, 7, 2, 6, 9, 14, 14, 13, 14, 0, 0, 0, 11]
./log:here is the setUp: [0, 0, 0, 0, 0, 0, 0, 0, 0, 0, 0, 0, 0, 0, 0, 5, 13, 0, 14, 13, 7, 13, 8, 14, 1, 4, 0, 4, 0, 0, 0, 0, 0, 0, 4, 0, 6, 11, 4, 14, 3, 6, 5, 0, 0, 0, 1, 14, 6, 12, 14, 0, 0, 0, 0]
./log:here is the setUp: [0, 0, 0, 0, 0, 0, 0, 0, 0, 0, 3, 0, 5, 5, 4, 13, 13, 4, 14, 13, 5, 13, 8, 14, 1, 0, 0, 6, 0, 0, 0, 0, 3, 0, 4, 0, 6, 11, 4, 14, 3, 4, 0, 0, 0, 0, 0, 14, 14, 12, 14, 0, 0, 0, 0]
./log:here is the setUp: [0, 0, 0, 0, 0, 0, 0, 0, 0, 0, 0, 0, 3, 3, 4, 13, 13, 0, 14, 13, 5, 13, 8, 14, 1, 0, 0, 0, 0, 0, 0, 2, 0, 0, 4, 0, 6, 11, 4, 14, 3, 4, 0, 0, 0, 0, 1, 14, 14, 12, 14, 0, 0, 0, 0]
./log:here is the setUp: [0, 0, 0, 0, 0, 0, 0, 0, 0, 1, 0, 5, 3, 3, 4, 0, 13, 5, 14, 13, 0, 1, 0, 0, 0, 0, 0, 4, 0, 0, 0, 0, 3, 0, 4, 0, 0, 0, 0, 0, 0, 0, 0, 0, 0, 3, 0, 5, 3, 12, 14, 0, 0, 0, 8]
./log:here is the setUp: [0, 0, 0, 0, 2, 0, 0, 0, 0, 0, 0, 0, 5, 12, 13, 13, 13, 13, 14, 13, 5, 13, 8, 14, 1, 4, 8, 3, 4, 5, 0, 14, 13, 0, 5, 12, 13, 9, 4, 14, 14, 5, 13, 7, 2, 6, 9, 14, 14, 13, 14, 0, 0, 0, 11]
./log:here is the setUp: [0, 0, 0, 0, 0, 0, 2, 0, 0, 0, 0, 0, 5, 9, 3, 13, 13, 13, 14, 13, 3, 13, 8, 14, 1, 4, 0, 1, 0, 0, 0, 0, 3, 2, 4, 12, 13, 9, 0, 13, 14, 5, 13, 7, 2, 6, 0, 14, 14, 12, 14, 0, 0, 0, 6]
./log:here is the setUp: [0, 0, 0, 0, 0, 0, 0, 0, 0, 0, 11, 5, 3, 5, 4, 13, 13, 13, 14, 13, 14, 13, 8, 14, 1, 4, 8, 4, 4, 5, 4, 4, 3, 0, 4, 0, 13, 13, 3, 13, 14, 2, 1, 1, 4, 0, 0, 14, 14, 12, 14, 0, 0, 0, 0]
./log:here is the setUp: [0, 0, 0, 0, 2, 0, 0, 0, 0, 0, 0, 0, 3, 3, 4, 13, 13, 4, 14, 13, 5, 13, 8, 14, 1, 0, 0, 6, 0, 0, 0, 0, 3, 0, 4, 0, 6, 11, 4, 14, 3, 4, 0, 0, 0, 0, 0, 14, 14, 12, 14, 0, 0, 0, 0]
./log:here is the setUp: [0, 0, 0, 0, 0, 0, 0, 0, 0, 0, 3, 0, 5, 5, 4, 13, 13, 4, 14, 13, 5, 13, 8, 14, 1, 0, 0, 6, 0, 0, 0, 0, 3, 0, 4, 0, 6, 11, 4, 14, 3, 4, 0, 0, 0, 0, 1, 14, 6, 12, 14, 0, 0, 0, 0]
./log:here is the setUp: [0, 0, 0, 0, 0, 0, 0, 0, 0, 0, 0, 0, 0, 0, 0, 0, 13, 0, 14, 13, 5, 1, 0, 0, 0, 0, 0, 0, 0, 0, 0, 0, 3, 0, 0, 0, 0, 0, 0, 0, 3, 0, 0, 0, 0, 0, 0, 6, 3, 12, 14, 0, 0, 0, 0]
./log:here is the setUp: [0, 0, 0, 0, 0, 8, 0, 0, 0, 2, 0, 0, 5, 9, 12, 14, 13, 13, 14, 13, 5, 13, 7, 14, 1, 4, 8, 4, 4, 5, 4, 2, 7, 1, 1, 12, 13, 9, 0, 13, 14, 5, 13, 7, 2, 6, 9, 14, 14, 13, 14, 0, 0, 0, 12]
./log:here is the setUp: [0, 0, 0, 0, 0, 0, 0, 0, 0, 1, 0, 5, 3, 3, 4, 0, 13, 5, 14, 13, 0, 1, 0, 0, 0, 0, 0, 4, 0, 0, 0, 0, 3, 0, 4, 0, 6, 11, 4, 14, 3, 4, 0, 0, 0, 0, 0, 6, 3, 12, 14, 0, 0, 0, 8]
./log:here is the setUp: [0, 0, 0, 3, 0, 0, 0, 0, 0, 2, 0, 0, 5, 6, 12, 14, 13, 13, 14, 13, 5, 13, 7, 14, 1, 4, 8, 4, 4, 5, 4, 2, 7, 1, 0, 0, 2, 9, 0, 13, 14, 5, 13, 7, 2, 6, 10, 14, 14, 13, 14, 0, 0, 0, 11]
./log:here is the setUp: [0, 0, 0, 0, 0, 0, 0, 0, 0, 1, 0, 0, 5, 5, 4, 13, 13, 13, 14, 13, 14, 13, 8, 14, 1, 0, 0, 0, 0, 0, 0, 0, 3, 0, 4, 0, 6, 11, 4, 14, 14, 2, 1, 1, 4, 6, 10, 14, 14, 13, 14, 0, 0, 0, 0]
./log:here is the setUp: [0, 0, 0, 0, 0, 0, 0, 0, 0, 1, 0, 5, 3, 3, 4, 0, 13, 5, 6, 2, 0, 1, 0, 4, 0, 0, 0, 4, 0, 0, 0, 0, 3, 0, 4, 0, 0, 0, 0, 0, 0, 0, 0, 0, 0, 3, 0, 5, 3, 12, 14, 0, 0, 0, 0]
./log:here is the setUp: [0, 0, 0, 0, 0, 0, 0, 0, 0, 0, 11, 5, 3, 5, 4, 13, 13, 13, 14, 13, 14, 13, 8, 14, 1, 0, 0, 6, 0, 0, 0, 0, 3, 0, 0, 12, 6, 11, 4, 14, 3, 4, 0, 0, 0, 0, 0, 14, 14, 12, 14, 0, 0, 0, 0]
./log:here is the setUp: [0, 0, 0, 0, 2, 0, 0, 0, 0, 0, 0, 0, 5, 12, 13, 13, 13, 13, 14, 13, 14, 13, 8, 14, 1, 0, 0, 1, 0, 0, 0, 0, 3, 0, 4, 12, 13, 9, 4, 14, 14, 5, 13, 7, 2, 6, 9, 14, 14, 13, 14, 0, 0, 0, 11]
./log:here is the setUp: [0, 0, 0, 0, 0, 0, 0, 0, 0, 0, 0, 0, 0, 0, 0, 0, 13, 0, 14, 13, 5, 0, 0, 0, 0, 0, 0, 0, 0, 0, 0, 0, 3, 0, 4, 0, 0, 0, 0, 0, 3, 4, 0, 0, 0, 0, 0, 11, 3, 12, 14, 0, 0, 0, 0]
./log:here is the setUp: [0, 0, 0, 0, 0, 0, 0, 0, 4, 0, 0, 0, 0, 0, 0, 0, 0, 1, 6, 2, 0, 4, 0, 0, 0, 0, 0, 1, 0, 0, 0, 0, 0, 2, 0, 0, 0, 0, 0, 0, 0, 0, 0, 0, 0, 0, 0, 0, 1, 0, 0, 0, 0, 0, 10]
./log:here is the setUp: [0, 0, 0, 0, 0, 0, 0, 0, 0, 0, 3, 0, 5, 5, 4, 1, 13, 4, 14, 13, 5, 13, 8, 14, 1, 0, 0, 6, 0, 0, 0, 0, 3, 0, 4, 0, 6, 11, 4, 14, 3, 4, 0, 0, 0, 0, 1, 14, 6, 12, 14, 0, 0, 0, 0]
./log:here is the setUp: [0, 0, 0, 3, 0, 0, 2, 0, 0, 0, 0, 0, 5, 12, 13, 13, 13, 13, 14, 13, 8, 13, 8, 14, 1, 4, 8, 12, 4, 5, 4, 0, 3, 0, 0, 0, 0, 0, 0, 13, 14, 5, 13, 7, 2, 6, 0, 14, 14, 12, 14, 0, 0, 0, 11]
./log:here is the setUp: [0, 0, 0, 0, 2, 0, 0, 0, 0, 0, 0, 0, 5, 12, 13, 13, 13, 13, 14, 13, 14, 13, 11, 14, 1, 0, 0, 1, 0, 0, 0, 0, 3, 0, 4, 11, 7, 9, 0, 13, 14, 2, 0, 7, 2, 6, 9, 14, 14, 13, 14, 0, 0, 0, 11]
./log:here is the setUp: [0, 0, 0, 0, 0, 0, 0, 0, 0, 0, 0, 3, 3, 3, 0, 3, 0, 0, 6, 2, 0, 1, 0, 0, 0, 0, 0, 4, 0, 0, 2, 0, 0, 0, 0, 0, 0, 0, 2, 0, 3, 0, 0, 0, 0, 0, 0, 7, 0, 4, 0, 0, 0, 0, 0]
./log:here is the setUp: [0, 0, 0, 0, 0, 0, 0, 0, 0, 0, 0, 0, 0, 0, 0, 0, 13, 0, 14, 8, 7, 0, 0, 0, 0, 0, 0, 0, 0, 0, 0, 2, 0, 0, 0, 0, 0, 0, 0, 14, 3, 6, 0, 0, 0, 0, 1, 11, 3, 12, 14, 0, 0, 0, 0]
./log:here is the setUp: [0, 0, 0, 0, 0, 0, 0, 0, 0, 0, 11, 5, 3, 5, 4, 13, 13, 13, 14, 13, 14, 13, 8, 14, 1, 4, 8, 4, 4, 5, 4, 4, 3, 0, 0, 0, 6, 14, 4, 14, 3, 6, 5, 0, 0, 0, 1, 14, 6, 12, 14, 0, 0, 0, 0]
./log:here is the setUp: [0, 0, 0, 0, 0, 0, 0, 0, 0, 0, 11, 5, 3, 5, 4, 13, 13, 13, 14, 13, 14, 13, 8, 14, 1, 4, 8, 4, 4, 5, 4, 4, 3, 0, 0, 0, 6, 11, 4, 14, 3, 6, 5, 0, 0, 0, 1, 14, 6, 12, 14, 0, 4, 0, 0]
./log:here is the setUp: [0, 0, 0, 3, 0, 0, 0, 0, 5, 0, 3, 0, 5, 5, 4, 13, 13, 13, 14, 13, 14, 13, 8, 14, 1, 4, 8, 4, 4, 5, 4, 4, 3, 0, 0, 0, 2, 9, 4, 13, 14, 5, 13, 7, 2, 6, 0, 14, 14, 13, 14, 0, 0, 0, 11]
./log:here is the setUp: [0, 0, 0, 3, 0, 0, 0, 0, 0, 2, 0, 0, 5, 6, 12, 14, 13, 13, 14, 13, 5, 13, 7, 14, 1, 4, 8, 4, 4, 5, 4, 2, 3, 0, 0, 0, 0, 0, 0, 13, 14, 5, 13, 7, 2, 6, 10, 14, 14, 13, 14, 0, 0, 0, 11]
./log:here is the setUp: [0, 0, 0, 0, 0, 0, 0, 0, 0, 0, 0, 0, 5, 5, 4, 13, 13, 13, 14, 13, 14, 13, 8, 14, 1, 1, 8, 4, 4, 5, 4, 4, 3, 0, 4, 11, 7, 9, 0, 13, 14, 2, 0, 0, 4, 6, 0, 14, 14, 12, 14, 0, 0, 0, 6]
./log:here is the setUp: [0, 0, 0, 10, 0, 0, 2, 0, 0, 0, 0, 0, 5, 12, 13, 13, 13, 13, 14, 13, 5, 13, 8, 14, 1, 4, 8, 3, 4, 5, 0, 14, 13, 0, 5, 6, 13, 9, 4, 14, 14, 5, 13, 7, 2, 6, 9, 14, 14, 13, 14, 0, 0, 0, 11]
./log:here is the setUp: [0, 0, 0, 0, 0, 0, 0, 0, 0, 0, 0, 0, 3, 3, 0, 4, 8, 0, 6, 2, 0, 4, 0, 0, 4, 0, 0, 4, 0, 0, 2, 0, 0, 0, 0, 0, 0, 0, 2, 0, 3, 0, 0, 0, 0, 0, 0, 7, 0, 4, 0, 0, 0, 0, 0]
./log:here is the setUp: [0, 0, 0, 0, 0, 0, 0, 0, 0, 1, 0, 5, 3, 3, 4, 0, 13, 5, 6, 2, 0, 1, 0, 0, 0, 0, 0, 4, 0, 0, 0, 0, 3, 0, 4, 0, 0, 0, 0, 0, 0, 0, 0, 0, 0, 3, 0, 5, 3, 12, 14, 0, 0, 0, 8]
./log:here is the setUp: [0, 0, 0, 0, 0, 0, 0, 0, 0, 0, 11, 5, 3, 5, 4, 13, 13, 13, 14, 13, 14, 13, 8, 14, 1, 4, 8, 4, 4, 5, 4, 4, 3, 0, 0, 0, 6, 11, 4, 14, 3, 4, 0, 0, 0, 0, 0, 14, 14, 12, 14, 0, 0, 8, 0]
./log:here is the setUp: [0, 0, 0, 0, 0, 0, 0, 0, 0, 0, 0, 0, 3, 3, 0, 4, 8, 0, 14, 13, 5, 13, 8, 14, 1, 0, 0, 0, 0, 0, 0, 2, 0, 0, 0, 0, 2, 0, 4, 14, 3, 4, 0, 0, 0, 0, 0, 6, 3, 12, 14, 0, 0, 0, 8]
./log:here is the setUp: [0, 0, 0, 0, 2, 0, 0, 0, 0, 0, 0, 0, 3, 3, 0, 3, 0, 0, 6, 2, 0, 1, 0, 0, 0, 0, 0, 4, 0, 0, 0, 0, 3, 0, 4, 0, 0, 0, 0, 0, 0, 0, 0, 0, 0, 0, 0, 6, 3, 12, 14, 0, 0, 1, 0]
./log:here is the setUp: [0, 0, 0, 0, 0, 0, 0, 0, 0, 2, 3, 0, 5, 5, 0, 4, 8, 0, 14, 13, 5, 13, 8, 14, 1, 0, 0, 0, 0, 0, 0, 2, 0, 0, 0, 0, 0, 0, 4, 14, 3, 4, 0, 0, 0, 0, 1, 14, 3, 14, 14, 0, 0, 0, 0]
./log:here is the setUp: [0, 0, 0, 0, 0, 0, 0, 0, 0, 0, 0, 0, 0, 0, 0, 5, 13, 0, 14, 13, 7, 13, 8, 14, 1, 4, 0, 4, 0, 0, 0, 0, 0, 0, 4, 0, 0, 0, 1, 0, 0, 0, 0, 0, 0, 0, 1, 14, 6, 12, 14, 0, 0, 0, 0]
./log:here is the setUp: [0, 0, 0, 0, 0, 0, 2, 0, 0, 0, 0, 0, 5, 9, 3, 13, 13, 13, 14, 13, 3, 13, 8, 14, 1, 4, 0, 1, 0, 0, 0, 0, 3, 2, 4, 0, 13, 9, 0, 13, 14, 2, 1, 10, 4, 6, 6, 14, 14, 12, 14, 0, 0, 0, 6]
./log:here is the setUp: [0, 0, 0, 0, 2, 0, 0, 0, 0, 0, 11, 5, 3, 3, 4, 13, 13, 4, 14, 13, 5, 13, 8, 14, 1, 0, 0, 0, 0, 0, 0, 2, 0, 0, 4, 0, 6, 11, 4, 14, 3, 6, 0, 0, 0, 0, 1, 14, 6, 10, 14, 0, 0, 0, 0]
./log:here is the setUp: [0, 0, 0, 0, 0, 0, 0, 0, 0, 7, 11, 5, 3, 5, 4, 13, 13, 5, 14, 13, 14, 13, 8, 14, 1, 4, 8, 4, 4, 5, 4, 4, 3, 0, 4, 0, 13, 13, 3, 13, 14, 2, 1, 1, 4, 0, 0, 14, 14, 12, 14, 0, 0, 0, 0]
./log:here is the setUp: [0, 0, 0, 0, 0, 0, 0, 0, 0, 0, 11, 5, 3, 3, 4, 13, 13, 4, 14, 13, 5, 13, 8, 14, 1, 0, 0, 6, 0, 0, 0, 0, 3, 0, 4, 6, 6, 11, 4, 14, 3, 4, 0, 0, 0, 0, 0, 14, 14, 12, 14, 0, 0, 0, 6]
./log:here is the setUp: [0, 0, 0, 3, 0, 8, 0, 0, 0, 0, 0, 0, 5, 6, 12, 14, 13, 13, 14, 13, 5, 13, 8, 14, 1, 4, 8, 3, 4, 5, 0, 0, 3, 0, 4, 0, 13, 9, 0, 13, 14, 5, 13, 7, 2, 6, 10, 14, 14, 13, 14, 0, 0, 0, 11]
./log:here is the setUp: [0, 0, 0, 3, 0, 0, 2, 0, 0, 0, 0, 0, 5, 12, 13, 13, 13, 13, 14, 13, 5, 13, 8, 14, 1, 0, 0, 3, 4, 5, 0, 14, 13, 0, 5, 6, 13, 9, 4, 14, 14, 5, 13, 7, 2, 6, 9, 14, 14, 13, 14, 0, 0, 0, 0]
./log:here is the setUp: [0, 0, 0, 0, 0, 0, 0, 0, 0, 0, 0, 0, 5, 5, 4, 13, 13, 13, 14, 13, 14, 13, 8, 14, 1, 0, 0, 1, 0, 0, 0, 0, 3, 0, 4, 11, 7, 9, 0, 13, 14, 2, 0, 0, 4, 6, 1, 14, 14, 12, 14, 0, 0, 0, 6]
./log:here is the setUp: [0, 0, 0, 0, 0, 0, 0, 0, 0, 0, 0, 0, 0, 0, 0, 0, 13, 0, 14, 8, 0, 4, 0, 0, 0, 0, 0, 1, 0, 0, 0, 0, 3, 0, 4, 0, 0, 0, 0, 0, 3, 4, 0, 0, 0, 0, 0, 11, 3, 12, 14, 0, 0, 0, 5]
./log:here is the setUp: [0, 0, 0, 0, 0, 0, 0, 0, 0, 0, 0, 0, 0, 0, 0, 0, 13, 0, 6, 2, 0, 1, 0, 0, 0, 0, 0, 4, 0, 0, 0, 0, 3, 0, 4, 0, 0, 0, 0, 0, 3, 4, 0, 0, 0, 0, 0, 6, 3, 12, 14, 0, 0, 0, 0]
./log:here is the setUp: [0, 0, 0, 0, 0, 0, 0, 0, 0, 0, 11, 5, 3, 3, 4, 13, 13, 4, 14, 13, 5, 13, 8, 14, 1, 0, 0, 6, 0, 0, 0, 0, 3, 0, 4, 0, 6, 11, 4, 14, 3, 4, 0, 1, 0, 0, 0, 14, 4, 12, 14, 0, 0, 0, 0]
./log:here is the setUp: [0, 0, 0, 0, 0, 0, 0, 0, 0, 0, 3, 0, 5, 5, 4, 13, 13, 13, 14, 13, 6, 13, 8, 14, 1, 4, 0, 4, 0, 0, 0, 0, 3, 2, 4, 0, 6, 11, 4, 14, 3, 4, 0, 0, 0, 0, 0, 14, 14, 12, 14, 0, 0, 0, 0]
./log:here is the setUp: [0, 0, 0, 0, 2, 0, 0, 0, 0, 0, 0, 0, 3, 3, 0, 3, 0, 0, 6, 2, 0, 0, 0, 0, 0, 0, 0, 0, 0, 0, 0, 0, 0, 0, 0, 0, 0, 0, 0, 0, 3, 5, 0, 0, 0, 0, 0, 6, 3, 12, 14, 0, 0, 1, 0]
./log:here is the setUp: [0, 0, 0, 0, 2, 0, 0, 0, 0, 0, 0, 0, 0, 0, 0, 0, 13, 0, 6, 2, 0, 1, 0, 0, 0, 0, 0, 4, 2, 0, 0, 0, 3, 0, 0, 0, 0, 0, 0, 3, 0, 0, 0, 0, 0, 0, 0, 6, 3, 12, 14, 0, 0, 0, 3]
./log:here is the setUp: [0, 0, 0, 0, 0, 0, 2, 2, 0, 0, 3, 0, 5, 5, 4, 13, 13, 13, 14, 13, 14, 13, 8, 14, 1, 4, 0, 1, 0, 0, 0, 0, 3, 2, 4, 12, 13, 9, 0, 13, 14, 5, 13, 7, 2, 6, 0, 14, 14, 12, 14, 0, 0, 0, 6]
./log:here is the setUp: [0, 0, 0, 0, 0, 0, 0, 0, 0, 0, 11, 5, 3, 3, 9, 13, 13, 5, 14, 13, 5, 13, 8, 14, 1, 0, 0, 6, 0, 0, 0, 0, 3, 0, 4, 0, 6, 11, 4, 14, 3, 4, 0, 0, 0, 0, 0, 6, 3, 12, 14, 0, 0, 0, 8]
./log:here is the setUp: [0, 0, 0, 0, 0, 0, 0, 0, 0, 1, 0, 5, 3, 3, 4, 0, 13, 5, 6, 2, 0, 1, 0, 4, 0, 0, 0, 4, 0, 0, 0, 0, 3, 0, 4, 0, 0, 0, 0, 0, 0, 0, 0, 0, 0, 0, 0, 14, 3, 12, 14, 0, 0, 0, 0]
./log:here is the setUp: [0, 0, 0, 0, 0, 0, 0, 0, 0, 0, 0, 0, 3, 3, 3, 14, 13, 13, 14, 13, 5, 13, 8, 14, 1, 4, 0, 4, 0, 0, 0, 0, 0, 0, 4, 0, 6, 11, 4, 14, 3, 6, 5, 0, 0, 0, 1, 14, 6, 12, 14, 0, 0, 0, 0]
./log:here is the setUp: [0, 0, 0, 0, 0, 0, 0, 0, 0, 0, 0, 0, 0, 0, 0, 5, 13, 0, 14, 13, 5, 13, 0, 0, 1, 4, 0, 4, 0, 0, 0, 0, 0, 0, 4, 0, 0, 0, 1, 0, 0, 0, 0, 0, 0, 0, 1, 14, 6, 12, 14, 0, 0, 0, 0]
./log:here is the setUp: [0, 0, 0, 0, 0, 0, 0, 0, 0, 0, 11, 5, 3, 5, 4, 13, 13, 5, 14, 13, 14, 13, 8, 14, 1, 4, 8, 4, 4, 5, 4, 4, 3, 0, 4, 0, 13, 13, 3, 13, 14, 2, 1, 1, 4, 0, 0, 14, 14, 12, 14, 0, 0, 0, 0]
./log:here is the setUp: [0, 0, 0, 0, 0, 0, 2, 0, 0, 0, 3, 0, 5, 5, 4, 13, 13, 13, 14, 13, 14, 13, 8, 14, 1, 4, 0, 1, 0, 0, 0, 0, 3, 2, 4, 0, 13, 9, 0, 13, 14, 2, 1, 10, 4, 6, 6, 14, 13, 12, 14, 0, 0, 0, 6]
./log:here is the setUp: [0, 0, 0, 0, 0, 0, 0, 0, 0, 0, 3, 0, 0, 0, 0, 0, 13, 0, 6, 2, 0, 1, 0, 0, 0, 0, 0, 4, 0, 0, 0, 0, 3, 0, 4, 0, 0, 0, 0, 0, 3, 4, 0, 0, 0, 0, 1, 14, 3, 14, 14, 0, 0, 0, 0]
./log:here is the setUp: [0, 0, 0, 0, 0, 0, 0, 0, 0, 0, 3, 0, 5, 5, 4, 13, 13, 13, 14, 13, 14, 13, 8, 14, 1, 1, 8, 4, 4, 5, 4, 4, 3, 0, 0, 0, 2, 9, 4, 14, 3, 4, 1, 1, 4, 0, 0, 14, 14, 12, 14, 0, 0, 0, 0]
./log:here is the setUp: [0, 0, 0, 0, 0, 0, 0, 0, 0, 0, 11, 5, 3, 3, 4, 13, 13, 5, 14, 13, 5, 13, 8, 14, 1, 0, 0, 6, 0, 0, 0, 0, 3, 0, 4, 0, 6, 11, 4, 14, 3, 4, 0, 0, 0, 0, 0, 14, 14, 12, 14, 0, 0, 0, 0]
./log:here is the setUp: [0, 0, 0, 0, 0, 0, 0, 0, 0, 0, 11, 5, 3, 3, 4, 13, 13, 13, 14, 13, 5, 13, 8, 14, 1, 4, 0, 6, 0, 0, 0, 0, 3, 0, 4, 0, 6, 11, 4, 14, 3, 4, 0, 0, 4, 0, 0, 14, 14, 12, 14, 0, 0, 0, 0]
./log:here is the setUp: [0, 0, 0, 3, 0, 0, 2, 0, 0, 0, 0, 0, 5, 12, 13, 13, 13, 13, 14, 13, 5, 13, 8, 14, 1, 4, 8, 3, 4, 5, 0, 0, 3, 0, 4, 0, 13, 13, 0, 13, 14, 2, 1, 1, 4, 6, 0, 14, 14, 12, 14, 0, 0, 0, 11]
./log:here is the setUp: [0, 0, 0, 3, 0, 0, 0, 0, 0, 0, 3, 0, 5, 5, 4, 13, 13, 13, 14, 13, 14, 13, 8, 14, 1, 4, 8, 4, 4, 5, 4, 4, 3, 0, 0, 0, 2, 9, 4, 13, 14, 5, 13, 7, 2, 6, 0, 14, 14, 13, 14, 0, 0, 0, 11]
./log:here is the setUp: [0, 0, 0, 0, 0, 0, 0, 0, 0, 0, 0, 0, 0, 0, 0, 0, 13, 0, 14, 13, 5, 13, 0, 0, 0, 0, 0, 4, 4, 0, 0, 0, 3, 0, 4, 0, 6, 11, 4, 14, 3, 4, 0, 0, 0, 0, 0, 6, 3, 12, 14, 0, 0, 1, 0]
./log:here is the setUp: [0, 0, 0, 0, 0, 0, 0, 0, 0, 0, 0, 0, 3, 3, 0, 4, 8, 0, 14, 13, 5, 13, 8, 14, 1, 0, 0, 0, 0, 0, 0, 2, 0, 0, 0, 0, 0, 0, 4, 14, 3, 4, 0, 0, 0, 0, 0, 6, 3, 12, 14, 0, 0, 0, 8]
./log:here is the setUp: [0, 0, 0, 0, 0, 0, 0, 0, 0, 1, 0, 5, 3, 3, 4, 13, 13, 12, 14, 13, 5, 13, 8, 14, 1, 0, 0, 0, 0, 0, 0, 0, 3, 0, 4, 0, 6, 11, 4, 14, 3, 4, 0, 0, 0, 0, 1, 14, 14, 12, 14, 0, 0, 0, 0]
./log:here is the setUp: [0, 0, 0, 3, 0, 0, 2, 0, 0, 0, 0, 0, 5, 12, 13, 13, 13, 13, 14, 13, 5, 13, 8, 14, 1, 4, 8, 3, 4, 5, 0, 14, 13, 0, 5, 12, 13, 9, 4, 14, 14, 5, 13, 7, 2, 6, 9, 14, 14, 13, 14, 0, 0, 0, 11]
./log:here is the setUp: [0, 0, 0, 0, 0, 0, 0, 0, 0, 0, 0, 0, 0, 0, 0, 5, 13, 0, 14, 13, 7, 13, 8, 14, 1, 4, 0, 4, 0, 0, 0, 0, 0, 0, 4, 0, 6, 11, 4, 14, 3, 6, 5, 0, 0, 0, 1, 14, 6, 12, 14, 0, 0, 0, 0]
./log:here is the setUp: [0, 0, 0, 0, 0, 0, 0, 0, 0, 0, 3, 0, 5, 5, 4, 13, 13, 4, 14, 13, 5, 13, 8, 14, 1, 0, 0, 6, 0, 0, 0, 0, 3, 0, 4, 0, 6, 11, 4, 14, 3, 4, 0, 0, 0, 0, 0, 14, 14, 12, 14, 0, 0, 0, 0]
./log:here is the setUp: [0, 0, 0, 0, 0, 0, 0, 0, 0, 0, 0, 0, 3, 3, 4, 13, 13, 0, 14, 13, 5, 13, 8, 14, 1, 0, 0, 0, 0, 0, 0, 2, 0, 0, 4, 0, 6, 11, 4, 14, 3, 4, 0, 0, 0, 0, 1, 14, 14, 12, 14, 0, 0, 0, 0]
./log:here is the setUp: [0, 0, 0, 0, 0, 0, 0, 0, 0, 1, 0, 5, 3, 3, 4, 0, 13, 5, 14, 13, 0, 1, 0, 0, 0, 0, 0, 4, 0, 0, 0, 0, 3, 0, 4, 0, 0, 0, 0, 0, 0, 0, 0, 0, 0, 3, 0, 5, 3, 12, 14, 0, 0, 0, 8]
./log:here is the setUp: [0, 0, 0, 0, 2, 0, 0, 0, 0, 0, 0, 0, 5, 12, 13, 13, 13, 13, 14, 13, 5, 13, 8, 14, 1, 4, 8, 3, 4, 5, 0, 14, 13, 0, 5, 12, 13, 9, 4, 14, 14, 5, 13, 7, 2, 6, 9, 14, 14, 13, 14, 0, 0, 0, 11]
./log:here is the setUp: [0, 0, 0, 0, 0, 0, 2, 0, 0, 0, 0, 0, 5, 9, 3, 13, 13, 13, 14, 13, 3, 13, 8, 14, 1, 4, 0, 1, 0, 0, 0, 0, 3, 2, 4, 12, 13, 9, 0, 13, 14, 5, 13, 7, 2, 6, 0, 14, 14, 12, 14, 0, 0, 0, 6]
./log:here is the setUp: [0, 0, 0, 0, 0, 0, 0, 0, 0, 0, 11, 5, 3, 5, 4, 13, 13, 13, 14, 13, 14, 13, 8, 14, 1, 4, 8, 4, 4, 5, 4, 4, 3, 0, 4, 0, 13, 13, 3, 13, 14, 2, 1, 1, 4, 0, 0, 14, 14, 12, 14, 0, 0, 0, 0]
./log:here is the setUp: [0, 0, 0, 0, 2, 0, 0, 0, 0, 0, 0, 0, 3, 3, 4, 13, 13, 4, 14, 13, 5, 13, 8, 14, 1, 0, 0, 6, 0, 0, 0, 0, 3, 0, 4, 0, 6, 11, 4, 14, 3, 4, 0, 0, 0, 0, 0, 14, 14, 12, 14, 0, 0, 0, 0]
./log:here is the setUp: [0, 0, 0, 0, 0, 0, 0, 0, 0, 0, 3, 0, 5, 5, 4, 13, 13, 4, 14, 13, 5, 13, 8, 14, 1, 0, 0, 6, 0, 0, 0, 0, 3, 0, 4, 0, 6, 11, 4, 14, 3, 4, 0, 0, 0, 0, 1, 14, 6, 12, 14, 0, 0, 0, 0]
./log:here is the setUp: [0, 0, 0, 0, 0, 0, 0, 0, 0, 0, 0, 0, 0, 0, 0, 0, 13, 0, 14, 13, 5, 1, 0, 0, 0, 0, 0, 0, 0, 0, 0, 0, 3, 0, 0, 0, 0, 0, 0, 0, 3, 0, 0, 0, 0, 0, 0, 6, 3, 12, 14, 0, 0, 0, 0]
./log:here is the setUp: [0, 0, 0, 0, 0, 8, 0, 0, 0, 2, 0, 0, 5, 9, 12, 14, 13, 13, 14, 13, 5, 13, 7, 14, 1, 4, 8, 4, 4, 5, 4, 2, 7, 1, 1, 12, 13, 9, 0, 13, 14, 5, 13, 7, 2, 6, 9, 14, 14, 13, 14, 0, 0, 0, 12]
./log:here is the setUp: [0, 0, 0, 0, 0, 0, 0, 0, 0, 1, 0, 5, 3, 3, 4, 0, 13, 5, 14, 13, 0, 1, 0, 0, 0, 0, 0, 4, 0, 0, 0, 0, 3, 0, 4, 0, 6, 11, 4, 14, 3, 4, 0, 0, 0, 0, 0, 6, 3, 12, 14, 0, 0, 0, 8]
./log:here is the setUp: [0, 0, 0, 3, 0, 0, 0, 0, 0, 2, 0, 0, 5, 6, 12, 14, 13, 13, 14, 13, 5, 13, 7, 14, 1, 4, 8, 4, 4, 5, 4, 2, 7, 1, 0, 0, 2, 9, 0, 13, 14, 5, 13, 7, 2, 6, 10, 14, 14, 13, 14, 0, 0, 0, 11]
./log:here is the setUp: [0, 0, 0, 0, 0, 0, 0, 0, 0, 1, 0, 0, 5, 5, 4, 13, 13, 13, 14, 13, 14, 13, 8, 14, 1, 0, 0, 0, 0, 0, 0, 0, 3, 0, 4, 0, 6, 11, 4, 14, 14, 2, 1, 1, 4, 6, 10, 14, 14, 13, 14, 0, 0, 0, 0]
./log:here is the setUp: [0, 0, 0, 0, 0, 0, 0, 0, 0, 1, 0, 5, 3, 3, 4, 0, 13, 5, 6, 2, 0, 1, 0, 4, 0, 0, 0, 4, 0, 0, 0, 0, 3, 0, 4, 0, 0, 0, 0, 0, 0, 0, 0, 0, 0, 3, 0, 5, 3, 12, 14, 0, 0, 0, 0]
./log:here is the setUp: [0, 0, 0, 0, 0, 0, 0, 0, 0, 0, 11, 5, 3, 5, 4, 13, 13, 13, 14, 13, 14, 13, 8, 14, 1, 0, 0, 6, 0, 0, 0, 0, 3, 0, 0, 12, 6, 11, 4, 14, 3, 4, 0, 0, 0, 0, 0, 14, 14, 12, 14, 0, 0, 0, 0]
./log:here is the setUp: [0, 0, 0, 0, 2, 0, 0, 0, 0, 0, 0, 0, 5, 12, 13, 13, 13, 13, 14, 13, 14, 13, 8, 14, 1, 0, 0, 1, 0, 0, 0, 0, 3, 0, 4, 12, 13, 9, 4, 14, 14, 5, 13, 7, 2, 6, 9, 14, 14, 13, 14, 0, 0, 0, 11]
./log:here is the setUp: [0, 0, 0, 0, 0, 0, 0, 0, 0, 0, 0, 0, 0, 0, 0, 0, 13, 0, 14, 13, 5, 0, 0, 0, 0, 0, 0, 0, 0, 0, 0, 0, 3, 0, 4, 0, 0, 0, 0, 0, 3, 4, 0, 0, 0, 0, 0, 11, 3, 12, 14, 0, 0, 0, 0]
./log:here is the setUp: [0, 0, 0, 0, 0, 0, 0, 0, 4, 0, 0, 0, 0, 0, 0, 0, 0, 1, 6, 2, 0, 4, 0, 0, 0, 0, 0, 1, 0, 0, 0, 0, 0, 2, 0, 0, 0, 0, 0, 0, 0, 0, 0, 0, 0, 0, 0, 0, 1, 0, 0, 0, 0, 0, 10]
./log:here is the setUp: [0, 0, 0, 0, 0, 0, 0, 0, 0, 0, 3, 0, 5, 5, 4, 1, 13, 4, 14, 13, 5, 13, 8, 14, 1, 0, 0, 6, 0, 0, 0, 0, 3, 0, 4, 0, 6, 11, 4, 14, 3, 4, 0, 0, 0, 0, 1, 14, 6, 12, 14, 0, 0, 0, 0]
./log:here is the setUp: [0, 0, 0, 3, 0, 0, 2, 0, 0, 0, 0, 0, 5, 12, 13, 13, 13, 13, 14, 13, 8, 13, 8, 14, 1, 4, 8, 12, 4, 5, 4, 0, 3, 0, 0, 0, 0, 0, 0, 13, 14, 5, 13, 7, 2, 6, 0, 14, 14, 12, 14, 0, 0, 0, 11]
./log:here is the setUp: [0, 0, 0, 0, 2, 0, 0, 0, 0, 0, 0, 0, 5, 12, 13, 13, 13, 13, 14, 13, 14, 13, 11, 14, 1, 0, 0, 1, 0, 0, 0, 0, 3, 0, 4, 11, 7, 9, 0, 13, 14, 2, 0, 7, 2, 6, 9, 14, 14, 13, 14, 0, 0, 0, 11]
./log:here is the setUp: [0, 0, 0, 0, 0, 0, 0, 0, 0, 0, 0, 3, 3, 3, 0, 3, 0, 0, 6, 2, 0, 1, 0, 0, 0, 0, 0, 4, 0, 0, 2, 0, 0, 0, 0, 0, 0, 0, 2, 0, 3, 0, 0, 0, 0, 0, 0, 7, 0, 4, 0, 0, 0, 0, 0]
./log:here is the setUp: [0, 0, 0, 0, 0, 0, 0, 0, 0, 0, 0, 0, 0, 0, 0, 0, 13, 0, 14, 8, 7, 0, 0, 0, 0, 0, 0, 0, 0, 0, 0, 2, 0, 0, 0, 0, 0, 0, 0, 14, 3, 6, 0, 0, 0, 0, 1, 11, 3, 12, 14, 0, 0, 0, 0]
./log:here is the setUp: [0, 0, 0, 0, 0, 0, 0, 0, 0, 0, 11, 5, 3, 5, 4, 13, 13, 13, 14, 13, 14, 13, 8, 14, 1, 4, 8, 4, 4, 5, 4, 4, 3, 0, 0, 0, 6, 14, 4, 14, 3, 6, 5, 0, 0, 0, 1, 14, 6, 12, 14, 0, 0, 0, 0]
./log:here is the setUp: [0, 0, 0, 0, 0, 0, 0, 0, 0, 0, 11, 5, 3, 5, 4, 13, 13, 13, 14, 13, 14, 13, 8, 14, 1, 4, 8, 4, 4, 5, 4, 4, 3, 0, 0, 0, 6, 11, 4, 14, 3, 6, 5, 0, 0, 0, 1, 14, 6, 12, 14, 0, 4, 0, 0]
./log:here is the setUp: [0, 0, 0, 3, 0, 0, 0, 0, 5, 0, 3, 0, 5, 5, 4, 13, 13, 13, 14, 13, 14, 13, 8, 14, 1, 4, 8, 4, 4, 5, 4, 4, 3, 0, 0, 0, 2, 9, 4, 13, 14, 5, 13, 7, 2, 6, 0, 14, 14, 13, 14, 0, 0, 0, 11]
./log:here is the setUp: [0, 0, 0, 3, 0, 0, 0, 0, 0, 2, 0, 0, 5, 6, 12, 14, 13, 13, 14, 13, 5, 13, 7, 14, 1, 4, 8, 4, 4, 5, 4, 2, 3, 0, 0, 0, 0, 0, 0, 13, 14, 5, 13, 7, 2, 6, 10, 14, 14, 13, 14, 0, 0, 0, 11]
./log:here is the setUp: [0, 0, 0, 0, 0, 0, 0, 0, 0, 0, 0, 0, 5, 5, 4, 13, 13, 13, 14, 13, 14, 13, 8, 14, 1, 1, 8, 4, 4, 5, 4, 4, 3, 0, 4, 11, 7, 9, 0, 13, 14, 2, 0, 0, 4, 6, 0, 14, 14, 12, 14, 0, 0, 0, 6]
./log:here is the setUp: [0, 0, 0, 10, 0, 0, 2, 0, 0, 0, 0, 0, 5, 12, 13, 13, 13, 13, 14, 13, 5, 13, 8, 14, 1, 4, 8, 3, 4, 5, 0, 14, 13, 0, 5, 6, 13, 9, 4, 14, 14, 5, 13, 7, 2, 6, 9, 14, 14, 13, 14, 0, 0, 0, 11]
./log:here is the setUp: [0, 0, 0, 0, 0, 0, 0, 0, 0, 0, 0, 0, 3, 3, 0, 4, 8, 0, 6, 2, 0, 4, 0, 0, 4, 0, 0, 4, 0, 0, 2, 0, 0, 0, 0, 0, 0, 0, 2, 0, 3, 0, 0, 0, 0, 0, 0, 7, 0, 4, 0, 0, 0, 0, 0]
./log:here is the setUp: [0, 0, 0, 0, 0, 0, 0, 0, 0, 1, 0, 5, 3, 3, 4, 0, 13, 5, 6, 2, 0, 1, 0, 0, 0, 0, 0, 4, 0, 0, 0, 0, 3, 0, 4, 0, 0, 0, 0, 0, 0, 0, 0, 0, 0, 3, 0, 5, 3, 12, 14, 0, 0, 0, 8]
./log:here is the setUp: [0, 0, 0, 0, 0, 0, 0, 0, 0, 0, 11, 5, 3, 5, 4, 13, 13, 13, 14, 13, 14, 13, 8, 14, 1, 4, 8, 4, 4, 5, 4, 4, 3, 0, 0, 0, 6, 11, 4, 14, 3, 4, 0, 0, 0, 0, 0, 14, 14, 12, 14, 0, 0, 8, 0]
./log:here is the setUp: [0, 0, 0, 0, 0, 0, 0, 0, 0, 0, 0, 0, 3, 3, 0, 4, 8, 0, 14, 13, 5, 13, 8, 14, 1, 0, 0, 0, 0, 0, 0, 2, 0, 0, 0, 0, 2, 0, 4, 14, 3, 4, 0, 0, 0, 0, 0, 6, 3, 12, 14, 0, 0, 0, 8]
./log:here is the setUp: [0, 0, 0, 0, 2, 0, 0, 0, 0, 0, 0, 0, 3, 3, 0, 3, 0, 0, 6, 2, 0, 1, 0, 0, 0, 0, 0, 4, 0, 0, 0, 0, 3, 0, 4, 0, 0, 0, 0, 0, 0, 0, 0, 0, 0, 0, 0, 6, 3, 12, 14, 0, 0, 1, 0]
./log:here is the setUp: [0, 0, 0, 0, 0, 0, 0, 0, 0, 2, 3, 0, 5, 5, 0, 4, 8, 0, 14, 13, 5, 13, 8, 14, 1, 0, 0, 0, 0, 0, 0, 2, 0, 0, 0, 0, 0, 0, 4, 14, 3, 4, 0, 0, 0, 0, 1, 14, 3, 14, 14, 0, 0, 0, 0]
./log:here is the setUp: [0, 0, 0, 0, 0, 0, 0, 0, 0, 0, 0, 0, 0, 0, 0, 5, 13, 0, 14, 13, 7, 13, 8, 14, 1, 4, 0, 4, 0, 0, 0, 0, 0, 0, 4, 0, 0, 0, 1, 0, 0, 0, 0, 0, 0, 0, 1, 14, 6, 12, 14, 0, 0, 0, 0]
./log:here is the setUp: [0, 0, 0, 0, 0, 0, 2, 0, 0, 0, 0, 0, 5, 9, 3, 13, 13, 13, 14, 13, 3, 13, 8, 14, 1, 4, 0, 1, 0, 0, 0, 0, 3, 2, 4, 0, 13, 9, 0, 13, 14, 2, 1, 10, 4, 6, 6, 14, 14, 12, 14, 0, 0, 0, 6]
./log:here is the setUp: [0, 0, 0, 0, 2, 0, 0, 0, 0, 0, 11, 5, 3, 3, 4, 13, 13, 4, 14, 13, 5, 13, 8, 14, 1, 0, 0, 0, 0, 0, 0, 2, 0, 0, 4, 0, 6, 11, 4, 14, 3, 6, 0, 0, 0, 0, 1, 14, 6, 10, 14, 0, 0, 0, 0]
./log:here is the setUp: [0, 0, 0, 0, 0, 0, 0, 0, 0, 7, 11, 5, 3, 5, 4, 13, 13, 5, 14, 13, 14, 13, 8, 14, 1, 4, 8, 4, 4, 5, 4, 4, 3, 0, 4, 0, 13, 13, 3, 13, 14, 2, 1, 1, 4, 0, 0, 14, 14, 12, 14, 0, 0, 0, 0]
./log:here is the setUp: [0, 0, 0, 0, 0, 0, 0, 0, 0, 0, 11, 5, 3, 3, 4, 13, 13, 4, 14, 13, 5, 13, 8, 14, 1, 0, 0, 6, 0, 0, 0, 0, 3, 0, 4, 6, 6, 11, 4, 14, 3, 4, 0, 0, 0, 0, 0, 14, 14, 12, 14, 0, 0, 0, 6]
./log:here is the setUp: [0, 0, 0, 3, 0, 8, 0, 0, 0, 0, 0, 0, 5, 6, 12, 14, 13, 13, 14, 13, 5, 13, 8, 14, 1, 4, 8, 3, 4, 5, 0, 0, 3, 0, 4, 0, 13, 9, 0, 13, 14, 5, 13, 7, 2, 6, 10, 14, 14, 13, 14, 0, 0, 0, 11]
./log:here is the setUp: [0, 0, 0, 3, 0, 0, 2, 0, 0, 0, 0, 0, 5, 12, 13, 13, 13, 13, 14, 13, 5, 13, 8, 14, 1, 0, 0, 3, 4, 5, 0, 14, 13, 0, 5, 6, 13, 9, 4, 14, 14, 5, 13, 7, 2, 6, 9, 14, 14, 13, 14, 0, 0, 0, 0]
./log:here is the setUp: [0, 0, 0, 0, 0, 0, 0, 0, 0, 0, 0, 0, 5, 5, 4, 13, 13, 13, 14, 13, 14, 13, 8, 14, 1, 0, 0, 1, 0, 0, 0, 0, 3, 0, 4, 11, 7, 9, 0, 13, 14, 2, 0, 0, 4, 6, 1, 14, 14, 12, 14, 0, 0, 0, 6]
./log:here is the setUp: [0, 0, 0, 0, 0, 0, 0, 0, 0, 0, 0, 0, 0, 0, 0, 0, 13, 0, 14, 8, 0, 4, 0, 0, 0, 0, 0, 1, 0, 0, 0, 0, 3, 0, 4, 0, 0, 0, 0, 0, 3, 4, 0, 0, 0, 0, 0, 11, 3, 12, 14, 0, 0, 0, 5]
./log:here is the setUp: [0, 0, 0, 0, 0, 0, 0, 0, 0, 0, 0, 0, 0, 0, 0, 0, 13, 0, 6, 2, 0, 1, 0, 0, 0, 0, 0, 4, 0, 0, 0, 0, 3, 0, 4, 0, 0, 0, 0, 0, 3, 4, 0, 0, 0, 0, 0, 6, 3, 12, 14, 0, 0, 0, 0]
./log:here is the setUp: [0, 0, 0, 0, 0, 0, 0, 0, 0, 0, 11, 5, 3, 3, 4, 13, 13, 4, 14, 13, 5, 13, 8, 14, 1, 0, 0, 6, 0, 0, 0, 0, 3, 0, 4, 0, 6, 11, 4, 14, 3, 4, 0, 1, 0, 0, 0, 14, 4, 12, 14, 0, 0, 0, 0]
./log:here is the setUp: [0, 0, 0, 0, 0, 0, 0, 0, 0, 0, 3, 0, 5, 5, 4, 13, 13, 13, 14, 13, 6, 13, 8, 14, 1, 4, 0, 4, 0, 0, 0, 0, 3, 2, 4, 0, 6, 11, 4, 14, 3, 4, 0, 0, 0, 0, 0, 14, 14, 12, 14, 0, 0, 0, 0]
./log:here is the setUp: [0, 0, 0, 0, 2, 0, 0, 0, 0, 0, 0, 0, 3, 3, 0, 3, 0, 0, 6, 2, 0, 0, 0, 0, 0, 0, 0, 0, 0, 0, 0, 0, 0, 0, 0, 0, 0, 0, 0, 0, 3, 5, 0, 0, 0, 0, 0, 6, 3, 12, 14, 0, 0, 1, 0]
./log:here is the setUp: [0, 0, 0, 0, 2, 0, 0, 0, 0, 0, 0, 0, 0, 0, 0, 0, 13, 0, 6, 2, 0, 1, 0, 0, 0, 0, 0, 4, 2, 0, 0, 0, 3, 0, 0, 0, 0, 0, 0, 3, 0, 0, 0, 0, 0, 0, 0, 6, 3, 12, 14, 0, 0, 0, 3]
./log:here is the setUp: [0, 0, 0, 0, 0, 0, 2, 2, 0, 0, 3, 0, 5, 5, 4, 13, 13, 13, 14, 13, 14, 13, 8, 14, 1, 4, 0, 1, 0, 0, 0, 0, 3, 2, 4, 12, 13, 9, 0, 13, 14, 5, 13, 7, 2, 6, 0, 14, 14, 12, 14, 0, 0, 0, 6]
./log:here is the setUp: [0, 0, 0, 0, 0, 0, 0, 0, 0, 0, 11, 5, 3, 3, 9, 13, 13, 5, 14, 13, 5, 13, 8, 14, 1, 0, 0, 6, 0, 0, 0, 0, 3, 0, 4, 0, 6, 11, 4, 14, 3, 4, 0, 0, 0, 0, 0, 6, 3, 12, 14, 0, 0, 0, 8]
./log:here is the setUp: [0, 0, 0, 0, 0, 0, 0, 0, 0, 1, 0, 5, 3, 3, 4, 0, 13, 5, 6, 2, 0, 1, 0, 4, 0, 0, 0, 4, 0, 0, 0, 0, 3, 0, 4, 0, 0, 0, 0, 0, 0, 0, 0, 0, 0, 0, 0, 14, 3, 12, 14, 0, 0, 0, 0]
./log:here is the setUp: [0, 0, 0, 0, 0, 0, 0, 0, 0, 0, 0, 0, 3, 3, 3, 14, 13, 13, 14, 13, 5, 13, 8, 14, 1, 4, 0, 4, 0, 0, 0, 0, 0, 0, 4, 0, 6, 11, 4, 14, 3, 6, 5, 0, 0, 0, 1, 14, 6, 12, 14, 0, 0, 0, 0]
./log:here is the setUp: [0, 0, 0, 0, 0, 0, 0, 0, 0, 0, 0, 0, 0, 0, 0, 5, 13, 0, 14, 13, 5, 13, 0, 0, 1, 4, 0, 4, 0, 0, 0, 0, 0, 0, 4, 0, 0, 0, 1, 0, 0, 0, 0, 0, 0, 0, 1, 14, 6, 12, 14, 0, 0, 0, 0]
./log:here is the setUp: [0, 0, 0, 0, 0, 0, 0, 0, 0, 0, 11, 5, 3, 5, 4, 13, 13, 5, 14, 13, 14, 13, 8, 14, 1, 4, 8, 4, 4, 5, 4, 4, 3, 0, 4, 0, 13, 13, 3, 13, 14, 2, 1, 1, 4, 0, 0, 14, 14, 12, 14, 0, 0, 0, 0]
./log:here is the setUp: [0, 0, 0, 0, 0, 0, 2, 0, 0, 0, 3, 0, 5, 5, 4, 13, 13, 13, 14, 13, 14, 13, 8, 14, 1, 4, 0, 1, 0, 0, 0, 0, 3, 2, 4, 0, 13, 9, 0, 13, 14, 2, 1, 10, 4, 6, 6, 14, 13, 12, 14, 0, 0, 0, 6]
./log:here is the setUp: [0, 0, 0, 0, 0, 0, 0, 0, 0, 0, 3, 0, 0, 0, 0, 0, 13, 0, 6, 2, 0, 1, 0, 0, 0, 0, 0, 4, 0, 0, 0, 0, 3, 0, 4, 0, 0, 0, 0, 0, 3, 4, 0, 0, 0, 0, 1, 14, 3, 14, 14, 0, 0, 0, 0]
./log:here is the setUp: [0, 0, 0, 0, 0, 0, 0, 0, 0, 0, 3, 0, 5, 5, 4, 13, 13, 13, 14, 13, 14, 13, 8, 14, 1, 1, 8, 4, 4, 5, 4, 4, 3, 0, 0, 0, 2, 9, 4, 14, 3, 4, 1, 1, 4, 0, 0, 14, 14, 12, 14, 0, 0, 0, 0]
./log:here is the setUp: [0, 0, 0, 0, 0, 0, 0, 0, 0, 0, 11, 5, 3, 3, 4, 13, 13, 5, 14, 13, 5, 13, 8, 14, 1, 0, 0, 6, 0, 0, 0, 0, 3, 0, 4, 0, 6, 11, 4, 14, 3, 4, 0, 0, 0, 0, 0, 14, 14, 12, 14, 0, 0, 0, 0]
./log:here is the setUp: [0, 0, 0, 0, 0, 0, 0, 0, 0, 0, 11, 5, 3, 3, 4, 13, 13, 13, 14, 13, 5, 13, 8, 14, 1, 4, 0, 6, 0, 0, 0, 0, 3, 0, 4, 0, 6, 11, 4, 14, 3, 4, 0, 0, 4, 0, 0, 14, 14, 12, 14, 0, 0, 0, 0]
./log:here is the setUp: [0, 0, 0, 3, 0, 0, 2, 0, 0, 0, 0, 0, 5, 12, 13, 13, 13, 13, 14, 13, 5, 13, 8, 14, 1, 4, 8, 3, 4, 5, 0, 0, 3, 0, 4, 0, 13, 13, 0, 13, 14, 2, 1, 1, 4, 6, 0, 14, 14, 12, 14, 0, 0, 0, 11]
./log:here is the setUp: [0, 0, 0, 3, 0, 0, 0, 0, 0, 0, 3, 0, 5, 5, 4, 13, 13, 13, 14, 13, 14, 13, 8, 14, 1, 4, 8, 4, 4, 5, 4, 4, 3, 0, 0, 0, 2, 9, 4, 13, 14, 5, 13, 7, 2, 6, 0, 14, 14, 13, 14, 0, 0, 0, 11]
./log:here is the setUp: [0, 0, 0, 0, 0, 0, 0, 0, 0, 0, 0, 0, 0, 0, 0, 0, 13, 0, 14, 13, 5, 13, 0, 0, 0, 0, 0, 4, 4, 0, 0, 0, 3, 0, 4, 0, 6, 11, 4, 14, 3, 4, 0, 0, 0, 0, 0, 6, 3, 12, 14, 0, 0, 1, 0]
./log:here is the setUp: [0, 0, 0, 0, 0, 0, 0, 0, 0, 0, 0, 0, 3, 3, 0, 4, 8, 0, 14, 13, 5, 13, 8, 14, 1, 0, 0, 0, 0, 0, 0, 2, 0, 0, 0, 0, 0, 0, 4, 14, 3, 4, 0, 0, 0, 0, 0, 6, 3, 12, 14, 0, 0, 0, 8]
./log:here is the setUp: [0, 0, 0, 0, 0, 0, 0, 0, 0, 1, 0, 5, 3, 3, 4, 13, 13, 12, 14, 13, 5, 13, 8, 14, 1, 0, 0, 0, 0, 0, 0, 0, 3, 0, 4, 0, 6, 11, 4, 14, 3, 4, 0, 0, 0, 0, 1, 14, 14, 12, 14, 0, 0, 0, 0]
./log:here is the setUp: [0, 0, 0, 3, 0, 0, 2, 0, 0, 0, 0, 0, 5, 12, 13, 13, 13, 13, 14, 13, 5, 13, 8, 14, 1, 4, 8, 3, 4, 5, 0, 14, 13, 0, 5, 12, 13, 9, 4, 14, 14, 5, 13, 7, 2, 6, 9, 14, 14, 13, 14, 0, 0, 0, 11]
./log:here is the setUp: [0, 0, 0, 0, 0, 0, 0, 0, 0, 0, 0, 0, 0, 0, 0, 5, 13, 0, 14, 13, 7, 13, 8, 14, 1, 4, 0, 4, 0, 0, 0, 0, 0, 0, 4, 0, 6, 11, 4, 14, 3, 6, 5, 0, 0, 0, 1, 14, 6, 12, 14, 0, 0, 0, 0]
./log:here is the setUp: [0, 0, 0, 0, 0, 0, 0, 0, 0, 0, 3, 0, 5, 5, 4, 13, 13, 4, 14, 13, 5, 13, 8, 14, 1, 0, 0, 6, 0, 0, 0, 0, 3, 0, 4, 0, 6, 11, 4, 14, 3, 4, 0, 0, 0, 0, 0, 14, 14, 12, 14, 0, 0, 0, 0]
./log:here is the setUp: [0, 0, 0, 0, 0, 0, 0, 0, 0, 0, 0, 0, 3, 3, 4, 13, 13, 0, 14, 13, 5, 13, 8, 14, 1, 0, 0, 0, 0, 0, 0, 2, 0, 0, 4, 0, 6, 11, 4, 14, 3, 4, 0, 0, 0, 0, 1, 14, 14, 12, 14, 0, 0, 0, 0]
./log:here is the setUp: [0, 0, 0, 0, 0, 0, 0, 0, 0, 1, 0, 5, 3, 3, 4, 0, 13, 5, 14, 13, 0, 1, 0, 0, 0, 0, 0, 4, 0, 0, 0, 0, 3, 0, 4, 0, 0, 0, 0, 0, 0, 0, 0, 0, 0, 3, 0, 5, 3, 12, 14, 0, 0, 0, 8]
./log:here is the setUp: [0, 0, 0, 0, 2, 0, 0, 0, 0, 0, 0, 0, 5, 12, 13, 13, 13, 13, 14, 13, 5, 13, 8, 14, 1, 4, 8, 3, 4, 5, 0, 14, 13, 0, 5, 12, 13, 9, 4, 14, 14, 5, 13, 7, 2, 6, 9, 14, 14, 13, 14, 0, 0, 0, 11]
./log:here is the setUp: [0, 0, 0, 0, 0, 0, 2, 0, 0, 0, 0, 0, 5, 9, 3, 13, 13, 13, 14, 13, 3, 13, 8, 14, 1, 4, 0, 1, 0, 0, 0, 0, 3, 2, 4, 12, 13, 9, 0, 13, 14, 5, 13, 7, 2, 6, 0, 14, 14, 12, 14, 0, 0, 0, 6]
./log:here is the setUp: [0, 0, 0, 0, 0, 0, 0, 0, 0, 0, 11, 5, 3, 5, 4, 13, 13, 13, 14, 13, 14, 13, 8, 14, 1, 4, 8, 4, 4, 5, 4, 4, 3, 0, 4, 0, 13, 13, 3, 13, 14, 2, 1, 1, 4, 0, 0, 14, 14, 12, 14, 0, 0, 0, 0]
./log:here is the setUp: [0, 0, 0, 0, 2, 0, 0, 0, 0, 0, 0, 0, 3, 3, 4, 13, 13, 4, 14, 13, 5, 13, 8, 14, 1, 0, 0, 6, 0, 0, 0, 0, 3, 0, 4, 0, 6, 11, 4, 14, 3, 4, 0, 0, 0, 0, 0, 14, 14, 12, 14, 0, 0, 0, 0]
./log:here is the setUp: [0, 0, 0, 0, 0, 0, 0, 0, 0, 0, 3, 0, 5, 5, 4, 13, 13, 4, 14, 13, 5, 13, 8, 14, 1, 0, 0, 6, 0, 0, 0, 0, 3, 0, 4, 0, 6, 11, 4, 14, 3, 4, 0, 0, 0, 0, 1, 14, 6, 12, 14, 0, 0, 0, 0]
./log:here is the setUp: [0, 0, 0, 0, 0, 0, 0, 0, 0, 0, 0, 0, 0, 0, 0, 0, 13, 0, 14, 13, 5, 1, 0, 0, 0, 0, 0, 0, 0, 0, 0, 0, 3, 0, 0, 0, 0, 0, 0, 0, 3, 0, 0, 0, 0, 0, 0, 6, 3, 12, 14, 0, 0, 0, 0]
./log:here is the setUp: [0, 0, 0, 0, 0, 8, 0, 0, 0, 2, 0, 0, 5, 9, 12, 14, 13, 13, 14, 13, 5, 13, 7, 14, 1, 4, 8, 4, 4, 5, 4, 2, 7, 1, 1, 12, 13, 9, 0, 13, 14, 5, 13, 7, 2, 6, 9, 14, 14, 13, 14, 0, 0, 0, 12]
./log:here is the setUp: [0, 0, 0, 0, 0, 0, 0, 0, 0, 1, 0, 5, 3, 3, 4, 0, 13, 5, 14, 13, 0, 1, 0, 0, 0, 0, 0, 4, 0, 0, 0, 0, 3, 0, 4, 0, 6, 11, 4, 14, 3, 4, 0, 0, 0, 0, 0, 6, 3, 12, 14, 0, 0, 0, 8]
./log:here is the setUp: [0, 0, 0, 3, 0, 0, 0, 0, 0, 2, 0, 0, 5, 6, 12, 14, 13, 13, 14, 13, 5, 13, 7, 14, 1, 4, 8, 4, 4, 5, 4, 2, 7, 1, 0, 0, 2, 9, 0, 13, 14, 5, 13, 7, 2, 6, 10, 14, 14, 13, 14, 0, 0, 0, 11]
./log:here is the setUp: [0, 0, 0, 0, 0, 0, 0, 0, 0, 1, 0, 0, 5, 5, 4, 13, 13, 13, 14, 13, 14, 13, 8, 14, 1, 0, 0, 0, 0, 0, 0, 0, 3, 0, 4, 0, 6, 11, 4, 14, 14, 2, 1, 1, 4, 6, 10, 14, 14, 13, 14, 0, 0, 0, 0]
./log:here is the setUp: [0, 0, 0, 0, 0, 0, 0, 0, 0, 1, 0, 5, 3, 3, 4, 0, 13, 5, 6, 2, 0, 1, 0, 4, 0, 0, 0, 4, 0, 0, 0, 0, 3, 0, 4, 0, 0, 0, 0, 0, 0, 0, 0, 0, 0, 3, 0, 5, 3, 12, 14, 0, 0, 0, 0]
./log:here is the setUp: [0, 0, 0, 0, 0, 0, 0, 0, 0, 0, 11, 5, 3, 5, 4, 13, 13, 13, 14, 13, 14, 13, 8, 14, 1, 0, 0, 6, 0, 0, 0, 0, 3, 0, 0, 12, 6, 11, 4, 14, 3, 4, 0, 0, 0, 0, 0, 14, 14, 12, 14, 0, 0, 0, 0]
./log:here is the setUp: [0, 0, 0, 0, 2, 0, 0, 0, 0, 0, 0, 0, 5, 12, 13, 13, 13, 13, 14, 13, 14, 13, 8, 14, 1, 0, 0, 1, 0, 0, 0, 0, 3, 0, 4, 12, 13, 9, 4, 14, 14, 5, 13, 7, 2, 6, 9, 14, 14, 13, 14, 0, 0, 0, 11]
./log:here is the setUp: [0, 0, 0, 0, 0, 0, 0, 0, 0, 0, 0, 0, 0, 0, 0, 0, 13, 0, 14, 13, 5, 0, 0, 0, 0, 0, 0, 0, 0, 0, 0, 0, 3, 0, 4, 0, 0, 0, 0, 0, 3, 4, 0, 0, 0, 0, 0, 11, 3, 12, 14, 0, 0, 0, 0]
./log:here is the setUp: [0, 0, 0, 0, 0, 0, 0, 0, 4, 0, 0, 0, 0, 0, 0, 0, 0, 1, 6, 2, 0, 4, 0, 0, 0, 0, 0, 1, 0, 0, 0, 0, 0, 2, 0, 0, 0, 0, 0, 0, 0, 0, 0, 0, 0, 0, 0, 0, 1, 0, 0, 0, 0, 0, 10]
./log:here is the setUp: [0, 0, 0, 0, 0, 0, 0, 0, 0, 0, 3, 0, 5, 5, 4, 1, 13, 4, 14, 13, 5, 13, 8, 14, 1, 0, 0, 6, 0, 0, 0, 0, 3, 0, 4, 0, 6, 11, 4, 14, 3, 4, 0, 0, 0, 0, 1, 14, 6, 12, 14, 0, 0, 0, 0]
./log:here is the setUp: [0, 0, 0, 3, 0, 0, 2, 0, 0, 0, 0, 0, 5, 12, 13, 13, 13, 13, 14, 13, 8, 13, 8, 14, 1, 4, 8, 12, 4, 5, 4, 0, 3, 0, 0, 0, 0, 0, 0, 13, 14, 5, 13, 7, 2, 6, 0, 14, 14, 12, 14, 0, 0, 0, 11]
./log:here is the setUp: [0, 0, 0, 0, 2, 0, 0, 0, 0, 0, 0, 0, 5, 12, 13, 13, 13, 13, 14, 13, 14, 13, 11, 14, 1, 0, 0, 1, 0, 0, 0, 0, 3, 0, 4, 11, 7, 9, 0, 13, 14, 2, 0, 7, 2, 6, 9, 14, 14, 13, 14, 0, 0, 0, 11]
./log:here is the setUp: [0, 0, 0, 0, 0, 0, 0, 0, 0, 0, 0, 3, 3, 3, 0, 3, 0, 0, 6, 2, 0, 1, 0, 0, 0, 0, 0, 4, 0, 0, 2, 0, 0, 0, 0, 0, 0, 0, 2, 0, 3, 0, 0, 0, 0, 0, 0, 7, 0, 4, 0, 0, 0, 0, 0]
./log:here is the setUp: [0, 0, 0, 0, 0, 0, 0, 0, 0, 0, 0, 0, 0, 0, 0, 0, 13, 0, 14, 8, 7, 0, 0, 0, 0, 0, 0, 0, 0, 0, 0, 2, 0, 0, 0, 0, 0, 0, 0, 14, 3, 6, 0, 0, 0, 0, 1, 11, 3, 12, 14, 0, 0, 0, 0]
./log:here is the setUp: [0, 0, 0, 0, 0, 0, 0, 0, 0, 0, 11, 5, 3, 5, 4, 13, 13, 13, 14, 13, 14, 13, 8, 14, 1, 4, 8, 4, 4, 5, 4, 4, 3, 0, 0, 0, 6, 14, 4, 14, 3, 6, 5, 0, 0, 0, 1, 14, 6, 12, 14, 0, 0, 0, 0]
./log:here is the setUp: [0, 0, 0, 0, 0, 0, 0, 0, 0, 0, 11, 5, 3, 5, 4, 13, 13, 13, 14, 13, 14, 13, 8, 14, 1, 4, 8, 4, 4, 5, 4, 4, 3, 0, 0, 0, 6, 11, 4, 14, 3, 6, 5, 0, 0, 0, 1, 14, 6, 12, 14, 0, 4, 0, 0]
./log:here is the setUp: [0, 0, 0, 3, 0, 0, 0, 0, 5, 0, 3, 0, 5, 5, 4, 13, 13, 13, 14, 13, 14, 13, 8, 14, 1, 4, 8, 4, 4, 5, 4, 4, 3, 0, 0, 0, 2, 9, 4, 13, 14, 5, 13, 7, 2, 6, 0, 14, 14, 13, 14, 0, 0, 0, 11]
./log:here is the setUp: [0, 0, 0, 3, 0, 0, 0, 0, 0, 2, 0, 0, 5, 6, 12, 14, 13, 13, 14, 13, 5, 13, 7, 14, 1, 4, 8, 4, 4, 5, 4, 2, 3, 0, 0, 0, 0, 0, 0, 13, 14, 5, 13, 7, 2, 6, 10, 14, 14, 13, 14, 0, 0, 0, 11]
./log:here is the setUp: [0, 0, 0, 0, 0, 0, 0, 0, 0, 0, 0, 0, 5, 5, 4, 13, 13, 13, 14, 13, 14, 13, 8, 14, 1, 1, 8, 4, 4, 5, 4, 4, 3, 0, 4, 11, 7, 9, 0, 13, 14, 2, 0, 0, 4, 6, 0, 14, 14, 12, 14, 0, 0, 0, 6]
./log:here is the setUp: [0, 0, 0, 10, 0, 0, 2, 0, 0, 0, 0, 0, 5, 12, 13, 13, 13, 13, 14, 13, 5, 13, 8, 14, 1, 4, 8, 3, 4, 5, 0, 14, 13, 0, 5, 6, 13, 9, 4, 14, 14, 5, 13, 7, 2, 6, 9, 14, 14, 13, 14, 0, 0, 0, 11]
./log:here is the setUp: [0, 0, 0, 0, 0, 0, 0, 0, 0, 0, 0, 0, 3, 3, 0, 4, 8, 0, 6, 2, 0, 4, 0, 0, 4, 0, 0, 4, 0, 0, 2, 0, 0, 0, 0, 0, 0, 0, 2, 0, 3, 0, 0, 0, 0, 0, 0, 7, 0, 4, 0, 0, 0, 0, 0]
./log:here is the setUp: [0, 0, 0, 0, 0, 0, 0, 0, 0, 1, 0, 5, 3, 3, 4, 0, 13, 5, 6, 2, 0, 1, 0, 0, 0, 0, 0, 4, 0, 0, 0, 0, 3, 0, 4, 0, 0, 0, 0, 0, 0, 0, 0, 0, 0, 3, 0, 5, 3, 12, 14, 0, 0, 0, 8]
./log:here is the setUp: [0, 0, 0, 0, 0, 0, 0, 0, 0, 0, 11, 5, 3, 5, 4, 13, 13, 13, 14, 13, 14, 13, 8, 14, 1, 4, 8, 4, 4, 5, 4, 4, 3, 0, 0, 0, 6, 11, 4, 14, 3, 4, 0, 0, 0, 0, 0, 14, 14, 12, 14, 0, 0, 8, 0]
./log:here is the setUp: [0, 0, 0, 0, 0, 0, 0, 0, 0, 0, 0, 0, 3, 3, 0, 4, 8, 0, 14, 13, 5, 13, 8, 14, 1, 0, 0, 0, 0, 0, 0, 2, 0, 0, 0, 0, 2, 0, 4, 14, 3, 4, 0, 0, 0, 0, 0, 6, 3, 12, 14, 0, 0, 0, 8]
./log:here is the setUp: [0, 0, 0, 0, 2, 0, 0, 0, 0, 0, 0, 0, 3, 3, 0, 3, 0, 0, 6, 2, 0, 1, 0, 0, 0, 0, 0, 4, 0, 0, 0, 0, 3, 0, 4, 0, 0, 0, 0, 0, 0, 0, 0, 0, 0, 0, 0, 6, 3, 12, 14, 0, 0, 1, 0]
./log:here is the setUp: [0, 0, 0, 0, 0, 0, 0, 0, 0, 2, 3, 0, 5, 5, 0, 4, 8, 0, 14, 13, 5, 13, 8, 14, 1, 0, 0, 0, 0, 0, 0, 2, 0, 0, 0, 0, 0, 0, 4, 14, 3, 4, 0, 0, 0, 0, 1, 14, 3, 14, 14, 0, 0, 0, 0]
./log:here is the setUp: [0, 0, 0, 0, 0, 0, 0, 0, 0, 0, 0, 0, 0, 0, 0, 5, 13, 0, 14, 13, 7, 13, 8, 14, 1, 4, 0, 4, 0, 0, 0, 0, 0, 0, 4, 0, 0, 0, 1, 0, 0, 0, 0, 0, 0, 0, 1, 14, 6, 12, 14, 0, 0, 0, 0]
./log:here is the setUp: [0, 0, 0, 0, 0, 0, 2, 0, 0, 0, 0, 0, 5, 9, 3, 13, 13, 13, 14, 13, 3, 13, 8, 14, 1, 4, 0, 1, 0, 0, 0, 0, 3, 2, 4, 0, 13, 9, 0, 13, 14, 2, 1, 10, 4, 6, 6, 14, 14, 12, 14, 0, 0, 0, 6]
./log:here is the setUp: [0, 0, 0, 0, 2, 0, 0, 0, 0, 0, 11, 5, 3, 3, 4, 13, 13, 4, 14, 13, 5, 13, 8, 14, 1, 0, 0, 0, 0, 0, 0, 2, 0, 0, 4, 0, 6, 11, 4, 14, 3, 6, 0, 0, 0, 0, 1, 14, 6, 10, 14, 0, 0, 0, 0]
./log:here is the setUp: [0, 0, 0, 0, 0, 0, 0, 0, 0, 7, 11, 5, 3, 5, 4, 13, 13, 5, 14, 13, 14, 13, 8, 14, 1, 4, 8, 4, 4, 5, 4, 4, 3, 0, 4, 0, 13, 13, 3, 13, 14, 2, 1, 1, 4, 0, 0, 14, 14, 12, 14, 0, 0, 0, 0]
./log:here is the setUp: [0, 0, 0, 0, 0, 0, 0, 0, 0, 0, 11, 5, 3, 3, 4, 13, 13, 4, 14, 13, 5, 13, 8, 14, 1, 0, 0, 6, 0, 0, 0, 0, 3, 0, 4, 6, 6, 11, 4, 14, 3, 4, 0, 0, 0, 0, 0, 14, 14, 12, 14, 0, 0, 0, 6]
./log:here is the setUp: [0, 0, 0, 3, 0, 8, 0, 0, 0, 0, 0, 0, 5, 6, 12, 14, 13, 13, 14, 13, 5, 13, 8, 14, 1, 4, 8, 3, 4, 5, 0, 0, 3, 0, 4, 0, 13, 9, 0, 13, 14, 5, 13, 7, 2, 6, 10, 14, 14, 13, 14, 0, 0, 0, 11]
./log:here is the setUp: [0, 0, 0, 3, 0, 0, 2, 0, 0, 0, 0, 0, 5, 12, 13, 13, 13, 13, 14, 13, 5, 13, 8, 14, 1, 0, 0, 3, 4, 5, 0, 14, 13, 0, 5, 6, 13, 9, 4, 14, 14, 5, 13, 7, 2, 6, 9, 14, 14, 13, 14, 0, 0, 0, 0]
./log:here is the setUp: [0, 0, 0, 0, 0, 0, 0, 0, 0, 0, 0, 0, 5, 5, 4, 13, 13, 13, 14, 13, 14, 13, 8, 14, 1, 0, 0, 1, 0, 0, 0, 0, 3, 0, 4, 11, 7, 9, 0, 13, 14, 2, 0, 0, 4, 6, 1, 14, 14, 12, 14, 0, 0, 0, 6]
./log:here is the setUp: [0, 0, 0, 0, 0, 0, 0, 0, 0, 0, 0, 0, 0, 0, 0, 0, 13, 0, 14, 8, 0, 4, 0, 0, 0, 0, 0, 1, 0, 0, 0, 0, 3, 0, 4, 0, 0, 0, 0, 0, 3, 4, 0, 0, 0, 0, 0, 11, 3, 12, 14, 0, 0, 0, 5]
./log:here is the setUp: [0, 0, 0, 0, 0, 0, 0, 0, 0, 0, 0, 0, 0, 0, 0, 0, 13, 0, 6, 2, 0, 1, 0, 0, 0, 0, 0, 4, 0, 0, 0, 0, 3, 0, 4, 0, 0, 0, 0, 0, 3, 4, 0, 0, 0, 0, 0, 6, 3, 12, 14, 0, 0, 0, 0]
./log:here is the setUp: [0, 0, 0, 0, 0, 0, 0, 0, 0, 0, 11, 5, 3, 3, 4, 13, 13, 4, 14, 13, 5, 13, 8, 14, 1, 0, 0, 6, 0, 0, 0, 0, 3, 0, 4, 0, 6, 11, 4, 14, 3, 4, 0, 1, 0, 0, 0, 14, 4, 12, 14, 0, 0, 0, 0]
./log:here is the setUp: [0, 0, 0, 0, 0, 0, 0, 0, 0, 0, 3, 0, 5, 5, 4, 13, 13, 13, 14, 13, 6, 13, 8, 14, 1, 4, 0, 4, 0, 0, 0, 0, 3, 2, 4, 0, 6, 11, 4, 14, 3, 4, 0, 0, 0, 0, 0, 14, 14, 12, 14, 0, 0, 0, 0]
./log:here is the setUp: [0, 0, 0, 0, 2, 0, 0, 0, 0, 0, 0, 0, 3, 3, 0, 3, 0, 0, 6, 2, 0, 0, 0, 0, 0, 0, 0, 0, 0, 0, 0, 0, 0, 0, 0, 0, 0, 0, 0, 0, 3, 5, 0, 0, 0, 0, 0, 6, 3, 12, 14, 0, 0, 1, 0]
./log:here is the setUp: [0, 0, 0, 0, 2, 0, 0, 0, 0, 0, 0, 0, 0, 0, 0, 0, 13, 0, 6, 2, 0, 1, 0, 0, 0, 0, 0, 4, 2, 0, 0, 0, 3, 0, 0, 0, 0, 0, 0, 3, 0, 0, 0, 0, 0, 0, 0, 6, 3, 12, 14, 0, 0, 0, 3]
./log:here is the setUp: [0, 0, 0, 0, 0, 0, 2, 2, 0, 0, 3, 0, 5, 5, 4, 13, 13, 13, 14, 13, 14, 13, 8, 14, 1, 4, 0, 1, 0, 0, 0, 0, 3, 2, 4, 12, 13, 9, 0, 13, 14, 5, 13, 7, 2, 6, 0, 14, 14, 12, 14, 0, 0, 0, 6]
./log:here is the setUp: [0, 0, 0, 0, 0, 0, 0, 0, 0, 0, 11, 5, 3, 3, 9, 13, 13, 5, 14, 13, 5, 13, 8, 14, 1, 0, 0, 6, 0, 0, 0, 0, 3, 0, 4, 0, 6, 11, 4, 14, 3, 4, 0, 0, 0, 0, 0, 6, 3, 12, 14, 0, 0, 0, 8]
./log:here is the setUp: [0, 0, 0, 0, 0, 0, 0, 0, 0, 1, 0, 5, 3, 3, 4, 0, 13, 5, 6, 2, 0, 1, 0, 4, 0, 0, 0, 4, 0, 0, 0, 0, 3, 0, 4, 0, 0, 0, 0, 0, 0, 0, 0, 0, 0, 0, 0, 14, 3, 12, 14, 0, 0, 0, 0]
./log:here is the setUp: [0, 0, 0, 0, 0, 0, 0, 0, 0, 0, 0, 0, 3, 3, 3, 14, 13, 13, 14, 13, 5, 13, 8, 14, 1, 4, 0, 4, 0, 0, 0, 0, 0, 0, 4, 0, 6, 11, 4, 14, 3, 6, 5, 0, 0, 0, 1, 14, 6, 12, 14, 0, 0, 0, 0]
./log:here is the setUp: [0, 0, 0, 0, 0, 0, 0, 0, 0, 0, 0, 0, 0, 0, 0, 5, 13, 0, 14, 13, 5, 13, 0, 0, 1, 4, 0, 4, 0, 0, 0, 0, 0, 0, 4, 0, 0, 0, 1, 0, 0, 0, 0, 0, 0, 0, 1, 14, 6, 12, 14, 0, 0, 0, 0]
./log:here is the setUp: [0, 0, 0, 0, 0, 0, 0, 0, 0, 0, 11, 5, 3, 5, 4, 13, 13, 5, 14, 13, 14, 13, 8, 14, 1, 4, 8, 4, 4, 5, 4, 4, 3, 0, 4, 0, 13, 13, 3, 13, 14, 2, 1, 1, 4, 0, 0, 14, 14, 12, 14, 0, 0, 0, 0]
./log:here is the setUp: [0, 0, 0, 0, 0, 0, 2, 0, 0, 0, 3, 0, 5, 5, 4, 13, 13, 13, 14, 13, 14, 13, 8, 14, 1, 4, 0, 1, 0, 0, 0, 0, 3, 2, 4, 0, 13, 9, 0, 13, 14, 2, 1, 10, 4, 6, 6, 14, 13, 12, 14, 0, 0, 0, 6]
./log:here is the setUp: [0, 0, 0, 0, 0, 0, 0, 0, 0, 0, 3, 0, 0, 0, 0, 0, 13, 0, 6, 2, 0, 1, 0, 0, 0, 0, 0, 4, 0, 0, 0, 0, 3, 0, 4, 0, 0, 0, 0, 0, 3, 4, 0, 0, 0, 0, 1, 14, 3, 14, 14, 0, 0, 0, 0]
./log:here is the setUp: [0, 0, 0, 0, 0, 0, 0, 0, 0, 0, 3, 0, 5, 5, 4, 13, 13, 13, 14, 13, 14, 13, 8, 14, 1, 1, 8, 4, 4, 5, 4, 4, 3, 0, 0, 0, 2, 9, 4, 14, 3, 4, 1, 1, 4, 0, 0, 14, 14, 12, 14, 0, 0, 0, 0]
./log:here is the setUp: [0, 0, 0, 0, 0, 0, 0, 0, 0, 0, 11, 5, 3, 3, 4, 13, 13, 5, 14, 13, 5, 13, 8, 14, 1, 0, 0, 6, 0, 0, 0, 0, 3, 0, 4, 0, 6, 11, 4, 14, 3, 4, 0, 0, 0, 0, 0, 14, 14, 12, 14, 0, 0, 0, 0]
./log:here is the setUp: [0, 0, 0, 0, 0, 0, 0, 0, 0, 0, 11, 5, 3, 3, 4, 13, 13, 13, 14, 13, 5, 13, 8, 14, 1, 4, 0, 6, 0, 0, 0, 0, 3, 0, 4, 0, 6, 11, 4, 14, 3, 4, 0, 0, 4, 0, 0, 14, 14, 12, 14, 0, 0, 0, 0]
./log:here is the setUp: [0, 0, 0, 3, 0, 0, 2, 0, 0, 0, 0, 0, 5, 12, 13, 13, 13, 13, 14, 13, 5, 13, 8, 14, 1, 4, 8, 3, 4, 5, 0, 0, 3, 0, 4, 0, 13, 13, 0, 13, 14, 2, 1, 1, 4, 6, 0, 14, 14, 12, 14, 0, 0, 0, 11]
./log:here is the setUp: [0, 0, 0, 3, 0, 0, 0, 0, 0, 0, 3, 0, 5, 5, 4, 13, 13, 13, 14, 13, 14, 13, 8, 14, 1, 4, 8, 4, 4, 5, 4, 4, 3, 0, 0, 0, 2, 9, 4, 13, 14, 5, 13, 7, 2, 6, 0, 14, 14, 13, 14, 0, 0, 0, 11]
./log:here is the setUp: [0, 0, 0, 0, 0, 0, 0, 0, 0, 0, 0, 0, 0, 0, 0, 0, 13, 0, 14, 13, 5, 13, 0, 0, 0, 0, 0, 4, 4, 0, 0, 0, 3, 0, 4, 0, 6, 11, 4, 14, 3, 4, 0, 0, 0, 0, 0, 6, 3, 12, 14, 0, 0, 1, 0]
./log:here is the setUp: [0, 0, 0, 0, 0, 0, 0, 0, 0, 0, 0, 0, 3, 3, 0, 4, 8, 0, 14, 13, 5, 13, 8, 14, 1, 0, 0, 0, 0, 0, 0, 2, 0, 0, 0, 0, 0, 0, 4, 14, 3, 4, 0, 0, 0, 0, 0, 6, 3, 12, 14, 0, 0, 0, 8]
./log:here is the setUp: [0, 0, 0, 0, 0, 0, 0, 0, 0, 1, 0, 5, 3, 3, 4, 13, 13, 12, 14, 13, 5, 13, 8, 14, 1, 0, 0, 0, 0, 0, 0, 0, 3, 0, 4, 0, 6, 11, 4, 14, 3, 4, 0, 0, 0, 0, 1, 14, 14, 12, 14, 0, 0, 0, 0]
./log:here is the setUp: [0, 0, 0, 3, 0, 0, 2, 0, 0, 0, 0, 0, 5, 12, 13, 13, 13, 13, 14, 13, 5, 13, 8, 14, 1, 4, 8, 3, 4, 5, 0, 14, 13, 0, 5, 12, 13, 9, 4, 14, 14, 5, 13, 7, 2, 6, 9, 14, 14, 13, 14, 0, 0, 0, 11]
./log:here is the setUp: [0, 0, 0, 0, 0, 0, 0, 0, 0, 0, 0, 0, 0, 0, 0, 5, 13, 0, 14, 13, 7, 13, 8, 14, 1, 4, 0, 4, 0, 0, 0, 0, 0, 0, 4, 0, 6, 11, 4, 14, 3, 6, 5, 0, 0, 0, 1, 14, 6, 12, 14, 0, 0, 0, 0]
./log:here is the setUp: [0, 0, 0, 0, 0, 0, 0, 0, 0, 0, 3, 0, 5, 5, 4, 13, 13, 4, 14, 13, 5, 13, 8, 14, 1, 0, 0, 6, 0, 0, 0, 0, 3, 0, 4, 0, 6, 11, 4, 14, 3, 4, 0, 0, 0, 0, 0, 14, 14, 12, 14, 0, 0, 0, 0]
./log:here is the setUp: [0, 0, 0, 0, 0, 0, 0, 0, 0, 0, 0, 0, 3, 3, 4, 13, 13, 0, 14, 13, 5, 13, 8, 14, 1, 0, 0, 0, 0, 0, 0, 2, 0, 0, 4, 0, 6, 11, 4, 14, 3, 4, 0, 0, 0, 0, 1, 14, 14, 12, 14, 0, 0, 0, 0]
./log:here is the setUp: [0, 0, 0, 0, 0, 0, 0, 0, 0, 1, 0, 5, 3, 3, 4, 0, 13, 5, 14, 13, 0, 1, 0, 0, 0, 0, 0, 4, 0, 0, 0, 0, 3, 0, 4, 0, 0, 0, 0, 0, 0, 0, 0, 0, 0, 3, 0, 5, 3, 12, 14, 0, 0, 0, 8]
./log:here is the setUp: [0, 0, 0, 0, 2, 0, 0, 0, 0, 0, 0, 0, 5, 12, 13, 13, 13, 13, 14, 13, 5, 13, 8, 14, 1, 4, 8, 3, 4, 5, 0, 14, 13, 0, 5, 12, 13, 9, 4, 14, 14, 5, 13, 7, 2, 6, 9, 14, 14, 13, 14, 0, 0, 0, 11]
./log:here is the setUp: [0, 0, 0, 0, 0, 0, 2, 0, 0, 0, 0, 0, 5, 9, 3, 13, 13, 13, 14, 13, 3, 13, 8, 14, 1, 4, 0, 1, 0, 0, 0, 0, 3, 2, 4, 12, 13, 9, 0, 13, 14, 5, 13, 7, 2, 6, 0, 14, 14, 12, 14, 0, 0, 0, 6]
./log:here is the setUp: [0, 0, 0, 0, 0, 0, 0, 0, 0, 0, 11, 5, 3, 5, 4, 13, 13, 13, 14, 13, 14, 13, 8, 14, 1, 4, 8, 4, 4, 5, 4, 4, 3, 0, 4, 0, 13, 13, 3, 13, 14, 2, 1, 1, 4, 0, 0, 14, 14, 12, 14, 0, 0, 0, 0]
./log:here is the setUp: [0, 0, 0, 0, 2, 0, 0, 0, 0, 0, 0, 0, 3, 3, 4, 13, 13, 4, 14, 13, 5, 13, 8, 14, 1, 0, 0, 6, 0, 0, 0, 0, 3, 0, 4, 0, 6, 11, 4, 14, 3, 4, 0, 0, 0, 0, 0, 14, 14, 12, 14, 0, 0, 0, 0]
./log:here is the setUp: [0, 0, 0, 0, 0, 0, 0, 0, 0, 0, 3, 0, 5, 5, 4, 13, 13, 4, 14, 13, 5, 13, 8, 14, 1, 0, 0, 6, 0, 0, 0, 0, 3, 0, 4, 0, 6, 11, 4, 14, 3, 4, 0, 0, 0, 0, 1, 14, 6, 12, 14, 0, 0, 0, 0]
./log:here is the setUp: [0, 0, 0, 0, 0, 0, 0, 0, 0, 0, 0, 0, 0, 0, 0, 0, 13, 0, 14, 13, 5, 1, 0, 0, 0, 0, 0, 0, 0, 0, 0, 0, 3, 0, 0, 0, 0, 0, 0, 0, 3, 0, 0, 0, 0, 0, 0, 6, 3, 12, 14, 0, 0, 0, 0]
./log:here is the setUp: [0, 0, 0, 0, 0, 8, 0, 0, 0, 2, 0, 0, 5, 9, 12, 14, 13, 13, 14, 13, 5, 13, 7, 14, 1, 4, 8, 4, 4, 5, 4, 2, 7, 1, 1, 12, 13, 9, 0, 13, 14, 5, 13, 7, 2, 6, 9, 14, 14, 13, 14, 0, 0, 0, 12]
./log:here is the setUp: [0, 0, 0, 0, 0, 0, 0, 0, 0, 1, 0, 5, 3, 3, 4, 0, 13, 5, 14, 13, 0, 1, 0, 0, 0, 0, 0, 4, 0, 0, 0, 0, 3, 0, 4, 0, 6, 11, 4, 14, 3, 4, 0, 0, 0, 0, 0, 6, 3, 12, 14, 0, 0, 0, 8]
./log:here is the setUp: [0, 0, 0, 3, 0, 0, 0, 0, 0, 2, 0, 0, 5, 6, 12, 14, 13, 13, 14, 13, 5, 13, 7, 14, 1, 4, 8, 4, 4, 5, 4, 2, 7, 1, 0, 0, 2, 9, 0, 13, 14, 5, 13, 7, 2, 6, 10, 14, 14, 13, 14, 0, 0, 0, 11]
./log:here is the setUp: [0, 0, 0, 0, 0, 0, 0, 0, 0, 1, 0, 0, 5, 5, 4, 13, 13, 13, 14, 13, 14, 13, 8, 14, 1, 0, 0, 0, 0, 0, 0, 0, 3, 0, 4, 0, 6, 11, 4, 14, 14, 2, 1, 1, 4, 6, 10, 14, 14, 13, 14, 0, 0, 0, 0]
./log:here is the setUp: [0, 0, 0, 0, 0, 0, 0, 0, 0, 1, 0, 5, 3, 3, 4, 0, 13, 5, 6, 2, 0, 1, 0, 4, 0, 0, 0, 4, 0, 0, 0, 0, 3, 0, 4, 0, 0, 0, 0, 0, 0, 0, 0, 0, 0, 3, 0, 5, 3, 12, 14, 0, 0, 0, 0]
./log:here is the setUp: [0, 0, 0, 0, 0, 0, 0, 0, 0, 0, 11, 5, 3, 5, 4, 13, 13, 13, 14, 13, 14, 13, 8, 14, 1, 0, 0, 6, 0, 0, 0, 0, 3, 0, 0, 12, 6, 11, 4, 14, 3, 4, 0, 0, 0, 0, 0, 14, 14, 12, 14, 0, 0, 0, 0]
./log:here is the setUp: [0, 0, 0, 0, 2, 0, 0, 0, 0, 0, 0, 0, 5, 12, 13, 13, 13, 13, 14, 13, 14, 13, 8, 14, 1, 0, 0, 1, 0, 0, 0, 0, 3, 0, 4, 12, 13, 9, 4, 14, 14, 5, 13, 7, 2, 6, 9, 14, 14, 13, 14, 0, 0, 0, 11]
./log:here is the setUp: [0, 0, 0, 0, 0, 0, 0, 0, 0, 0, 0, 0, 0, 0, 0, 0, 13, 0, 14, 13, 5, 0, 0, 0, 0, 0, 0, 0, 0, 0, 0, 0, 3, 0, 4, 0, 0, 0, 0, 0, 3, 4, 0, 0, 0, 0, 0, 11, 3, 12, 14, 0, 0, 0, 0]
./log:here is the setUp: [0, 0, 0, 0, 0, 0, 0, 0, 4, 0, 0, 0, 0, 0, 0, 0, 0, 1, 6, 2, 0, 4, 0, 0, 0, 0, 0, 1, 0, 0, 0, 0, 0, 2, 0, 0, 0, 0, 0, 0, 0, 0, 0, 0, 0, 0, 0, 0, 1, 0, 0, 0, 0, 0, 10]
./log:here is the setUp: [0, 0, 0, 0, 0, 0, 0, 0, 0, 0, 3, 0, 5, 5, 4, 1, 13, 4, 14, 13, 5, 13, 8, 14, 1, 0, 0, 6, 0, 0, 0, 0, 3, 0, 4, 0, 6, 11, 4, 14, 3, 4, 0, 0, 0, 0, 1, 14, 6, 12, 14, 0, 0, 0, 0]
./log:here is the setUp: [0, 0, 0, 3, 0, 0, 2, 0, 0, 0, 0, 0, 5, 12, 13, 13, 13, 13, 14, 13, 8, 13, 8, 14, 1, 4, 8, 12, 4, 5, 4, 0, 3, 0, 0, 0, 0, 0, 0, 13, 14, 5, 13, 7, 2, 6, 0, 14, 14, 12, 14, 0, 0, 0, 11]
./log:here is the setUp: [0, 0, 0, 0, 2, 0, 0, 0, 0, 0, 0, 0, 5, 12, 13, 13, 13, 13, 14, 13, 14, 13, 11, 14, 1, 0, 0, 1, 0, 0, 0, 0, 3, 0, 4, 11, 7, 9, 0, 13, 14, 2, 0, 7, 2, 6, 9, 14, 14, 13, 14, 0, 0, 0, 11]
./log:here is the setUp: [0, 0, 0, 0, 0, 0, 0, 0, 0, 0, 0, 3, 3, 3, 0, 3, 0, 0, 6, 2, 0, 1, 0, 0, 0, 0, 0, 4, 0, 0, 2, 0, 0, 0, 0, 0, 0, 0, 2, 0, 3, 0, 0, 0, 0, 0, 0, 7, 0, 4, 0, 0, 0, 0, 0]
./log:here is the setUp: [0, 0, 0, 0, 0, 0, 0, 0, 0, 0, 0, 0, 0, 0, 0, 0, 13, 0, 14, 8, 7, 0, 0, 0, 0, 0, 0, 0, 0, 0, 0, 2, 0, 0, 0, 0, 0, 0, 0, 14, 3, 6, 0, 0, 0, 0, 1, 11, 3, 12, 14, 0, 0, 0, 0]
./log:here is the setUp: [0, 0, 0, 0, 0, 0, 0, 0, 0, 0, 11, 5, 3, 5, 4, 13, 13, 13, 14, 13, 14, 13, 8, 14, 1, 4, 8, 4, 4, 5, 4, 4, 3, 0, 0, 0, 6, 14, 4, 14, 3, 6, 5, 0, 0, 0, 1, 14, 6, 12, 14, 0, 0, 0, 0]
./log:here is the setUp: [0, 0, 0, 0, 0, 0, 0, 0, 0, 0, 11, 5, 3, 5, 4, 13, 13, 13, 14, 13, 14, 13, 8, 14, 1, 4, 8, 4, 4, 5, 4, 4, 3, 0, 0, 0, 6, 11, 4, 14, 3, 6, 5, 0, 0, 0, 1, 14, 6, 12, 14, 0, 4, 0, 0]
./log:here is the setUp: [0, 0, 0, 3, 0, 0, 0, 0, 5, 0, 3, 0, 5, 5, 4, 13, 13, 13, 14, 13, 14, 13, 8, 14, 1, 4, 8, 4, 4, 5, 4, 4, 3, 0, 0, 0, 2, 9, 4, 13, 14, 5, 13, 7, 2, 6, 0, 14, 14, 13, 14, 0, 0, 0, 11]
./log:here is the setUp: [0, 0, 0, 3, 0, 0, 0, 0, 0, 2, 0, 0, 5, 6, 12, 14, 13, 13, 14, 13, 5, 13, 7, 14, 1, 4, 8, 4, 4, 5, 4, 2, 3, 0, 0, 0, 0, 0, 0, 13, 14, 5, 13, 7, 2, 6, 10, 14, 14, 13, 14, 0, 0, 0, 11]
./log:here is the setUp: [0, 0, 0, 0, 0, 0, 0, 0, 0, 0, 0, 0, 5, 5, 4, 13, 13, 13, 14, 13, 14, 13, 8, 14, 1, 1, 8, 4, 4, 5, 4, 4, 3, 0, 4, 11, 7, 9, 0, 13, 14, 2, 0, 0, 4, 6, 0, 14, 14, 12, 14, 0, 0, 0, 6]
./log:here is the setUp: [0, 0, 0, 10, 0, 0, 2, 0, 0, 0, 0, 0, 5, 12, 13, 13, 13, 13, 14, 13, 5, 13, 8, 14, 1, 4, 8, 3, 4, 5, 0, 14, 13, 0, 5, 6, 13, 9, 4, 14, 14, 5, 13, 7, 2, 6, 9, 14, 14, 13, 14, 0, 0, 0, 11]
./log:here is the setUp: [0, 0, 0, 0, 0, 0, 0, 0, 0, 0, 0, 0, 3, 3, 0, 4, 8, 0, 6, 2, 0, 4, 0, 0, 4, 0, 0, 4, 0, 0, 2, 0, 0, 0, 0, 0, 0, 0, 2, 0, 3, 0, 0, 0, 0, 0, 0, 7, 0, 4, 0, 0, 0, 0, 0]
./log:here is the setUp: [0, 0, 0, 0, 0, 0, 0, 0, 0, 1, 0, 5, 3, 3, 4, 0, 13, 5, 6, 2, 0, 1, 0, 0, 0, 0, 0, 4, 0, 0, 0, 0, 3, 0, 4, 0, 0, 0, 0, 0, 0, 0, 0, 0, 0, 3, 0, 5, 3, 12, 14, 0, 0, 0, 8]
./log:here is the setUp: [0, 0, 0, 0, 0, 0, 0, 0, 0, 0, 11, 5, 3, 5, 4, 13, 13, 13, 14, 13, 14, 13, 8, 14, 1, 4, 8, 4, 4, 5, 4, 4, 3, 0, 0, 0, 6, 11, 4, 14, 3, 4, 0, 0, 0, 0, 0, 14, 14, 12, 14, 0, 0, 8, 0]
./log:here is the setUp: [0, 0, 0, 0, 0, 0, 0, 0, 0, 0, 0, 0, 3, 3, 0, 4, 8, 0, 14, 13, 5, 13, 8, 14, 1, 0, 0, 0, 0, 0, 0, 2, 0, 0, 0, 0, 2, 0, 4, 14, 3, 4, 0, 0, 0, 0, 0, 6, 3, 12, 14, 0, 0, 0, 8]
./log:here is the setUp: [0, 0, 0, 0, 2, 0, 0, 0, 0, 0, 0, 0, 3, 3, 0, 3, 0, 0, 6, 2, 0, 1, 0, 0, 0, 0, 0, 4, 0, 0, 0, 0, 3, 0, 4, 0, 0, 0, 0, 0, 0, 0, 0, 0, 0, 0, 0, 6, 3, 12, 14, 0, 0, 1, 0]
./log:here is the setUp: [0, 0, 0, 0, 0, 0, 0, 0, 0, 2, 3, 0, 5, 5, 0, 4, 8, 0, 14, 13, 5, 13, 8, 14, 1, 0, 0, 0, 0, 0, 0, 2, 0, 0, 0, 0, 0, 0, 4, 14, 3, 4, 0, 0, 0, 0, 1, 14, 3, 14, 14, 0, 0, 0, 0]
./log:here is the setUp: [0, 0, 0, 0, 0, 0, 0, 0, 0, 0, 0, 0, 0, 0, 0, 5, 13, 0, 14, 13, 7, 13, 8, 14, 1, 4, 0, 4, 0, 0, 0, 0, 0, 0, 4, 0, 0, 0, 1, 0, 0, 0, 0, 0, 0, 0, 1, 14, 6, 12, 14, 0, 0, 0, 0]
./log:here is the setUp: [0, 0, 0, 0, 0, 0, 2, 0, 0, 0, 0, 0, 5, 9, 3, 13, 13, 13, 14, 13, 3, 13, 8, 14, 1, 4, 0, 1, 0, 0, 0, 0, 3, 2, 4, 0, 13, 9, 0, 13, 14, 2, 1, 10, 4, 6, 6, 14, 14, 12, 14, 0, 0, 0, 6]
./log:here is the setUp: [0, 0, 0, 0, 2, 0, 0, 0, 0, 0, 11, 5, 3, 3, 4, 13, 13, 4, 14, 13, 5, 13, 8, 14, 1, 0, 0, 0, 0, 0, 0, 2, 0, 0, 4, 0, 6, 11, 4, 14, 3, 6, 0, 0, 0, 0, 1, 14, 6, 10, 14, 0, 0, 0, 0]
./log:here is the setUp: [0, 0, 0, 0, 0, 0, 0, 0, 0, 7, 11, 5, 3, 5, 4, 13, 13, 5, 14, 13, 14, 13, 8, 14, 1, 4, 8, 4, 4, 5, 4, 4, 3, 0, 4, 0, 13, 13, 3, 13, 14, 2, 1, 1, 4, 0, 0, 14, 14, 12, 14, 0, 0, 0, 0]
./log:here is the setUp: [0, 0, 0, 0, 0, 0, 0, 0, 0, 0, 11, 5, 3, 3, 4, 13, 13, 4, 14, 13, 5, 13, 8, 14, 1, 0, 0, 6, 0, 0, 0, 0, 3, 0, 4, 6, 6, 11, 4, 14, 3, 4, 0, 0, 0, 0, 0, 14, 14, 12, 14, 0, 0, 0, 6]
./log:here is the setUp: [0, 0, 0, 3, 0, 8, 0, 0, 0, 0, 0, 0, 5, 6, 12, 14, 13, 13, 14, 13, 5, 13, 8, 14, 1, 4, 8, 3, 4, 5, 0, 0, 3, 0, 4, 0, 13, 9, 0, 13, 14, 5, 13, 7, 2, 6, 10, 14, 14, 13, 14, 0, 0, 0, 11]
./log:here is the setUp: [0, 0, 0, 3, 0, 0, 2, 0, 0, 0, 0, 0, 5, 12, 13, 13, 13, 13, 14, 13, 5, 13, 8, 14, 1, 0, 0, 3, 4, 5, 0, 14, 13, 0, 5, 6, 13, 9, 4, 14, 14, 5, 13, 7, 2, 6, 9, 14, 14, 13, 14, 0, 0, 0, 0]
./log:here is the setUp: [0, 0, 0, 0, 0, 0, 0, 0, 0, 0, 0, 0, 5, 5, 4, 13, 13, 13, 14, 13, 14, 13, 8, 14, 1, 0, 0, 1, 0, 0, 0, 0, 3, 0, 4, 11, 7, 9, 0, 13, 14, 2, 0, 0, 4, 6, 1, 14, 14, 12, 14, 0, 0, 0, 6]
./log:here is the setUp: [0, 0, 0, 0, 0, 0, 0, 0, 0, 0, 0, 0, 0, 0, 0, 0, 13, 0, 14, 8, 0, 4, 0, 0, 0, 0, 0, 1, 0, 0, 0, 0, 3, 0, 4, 0, 0, 0, 0, 0, 3, 4, 0, 0, 0, 0, 0, 11, 3, 12, 14, 0, 0, 0, 5]
./log:here is the setUp: [0, 0, 0, 0, 0, 0, 0, 0, 0, 0, 0, 0, 0, 0, 0, 0, 13, 0, 6, 2, 0, 1, 0, 0, 0, 0, 0, 4, 0, 0, 0, 0, 3, 0, 4, 0, 0, 0, 0, 0, 3, 4, 0, 0, 0, 0, 0, 6, 3, 12, 14, 0, 0, 0, 0]
./log:here is the setUp: [0, 0, 0, 0, 0, 0, 0, 0, 0, 0, 11, 5, 3, 3, 4, 13, 13, 4, 14, 13, 5, 13, 8, 14, 1, 0, 0, 6, 0, 0, 0, 0, 3, 0, 4, 0, 6, 11, 4, 14, 3, 4, 0, 1, 0, 0, 0, 14, 4, 12, 14, 0, 0, 0, 0]
./log:here is the setUp: [0, 0, 0, 0, 0, 0, 0, 0, 0, 0, 3, 0, 5, 5, 4, 13, 13, 13, 14, 13, 6, 13, 8, 14, 1, 4, 0, 4, 0, 0, 0, 0, 3, 2, 4, 0, 6, 11, 4, 14, 3, 4, 0, 0, 0, 0, 0, 14, 14, 12, 14, 0, 0, 0, 0]
./log:here is the setUp: [0, 0, 0, 0, 2, 0, 0, 0, 0, 0, 0, 0, 3, 3, 0, 3, 0, 0, 6, 2, 0, 0, 0, 0, 0, 0, 0, 0, 0, 0, 0, 0, 0, 0, 0, 0, 0, 0, 0, 0, 3, 5, 0, 0, 0, 0, 0, 6, 3, 12, 14, 0, 0, 1, 0]
./log:here is the setUp: [0, 0, 0, 0, 2, 0, 0, 0, 0, 0, 0, 0, 0, 0, 0, 0, 13, 0, 6, 2, 0, 1, 0, 0, 0, 0, 0, 4, 2, 0, 0, 0, 3, 0, 0, 0, 0, 0, 0, 3, 0, 0, 0, 0, 0, 0, 0, 6, 3, 12, 14, 0, 0, 0, 3]
./log:here is the setUp: [0, 0, 0, 0, 0, 0, 2, 2, 0, 0, 3, 0, 5, 5, 4, 13, 13, 13, 14, 13, 14, 13, 8, 14, 1, 4, 0, 1, 0, 0, 0, 0, 3, 2, 4, 12, 13, 9, 0, 13, 14, 5, 13, 7, 2, 6, 0, 14, 14, 12, 14, 0, 0, 0, 6]
./log:here is the setUp: [0, 0, 0, 0, 0, 0, 0, 0, 0, 0, 11, 5, 3, 3, 9, 13, 13, 5, 14, 13, 5, 13, 8, 14, 1, 0, 0, 6, 0, 0, 0, 0, 3, 0, 4, 0, 6, 11, 4, 14, 3, 4, 0, 0, 0, 0, 0, 6, 3, 12, 14, 0, 0, 0, 8]
./log:here is the setUp: [0, 0, 0, 0, 0, 0, 0, 0, 0, 1, 0, 5, 3, 3, 4, 0, 13, 5, 6, 2, 0, 1, 0, 4, 0, 0, 0, 4, 0, 0, 0, 0, 3, 0, 4, 0, 0, 0, 0, 0, 0, 0, 0, 0, 0, 0, 0, 14, 3, 12, 14, 0, 0, 0, 0]
./log:here is the setUp: [0, 0, 0, 0, 0, 0, 0, 0, 0, 0, 0, 0, 3, 3, 3, 14, 13, 13, 14, 13, 5, 13, 8, 14, 1, 4, 0, 4, 0, 0, 0, 0, 0, 0, 4, 0, 6, 11, 4, 14, 3, 6, 5, 0, 0, 0, 1, 14, 6, 12, 14, 0, 0, 0, 0]
./log:here is the setUp: [0, 0, 0, 0, 0, 0, 0, 0, 0, 0, 0, 0, 0, 0, 0, 5, 13, 0, 14, 13, 5, 13, 0, 0, 1, 4, 0, 4, 0, 0, 0, 0, 0, 0, 4, 0, 0, 0, 1, 0, 0, 0, 0, 0, 0, 0, 1, 14, 6, 12, 14, 0, 0, 0, 0]
./log:here is the setUp: [0, 0, 0, 0, 0, 0, 0, 0, 0, 0, 11, 5, 3, 5, 4, 13, 13, 5, 14, 13, 14, 13, 8, 14, 1, 4, 8, 4, 4, 5, 4, 4, 3, 0, 4, 0, 13, 13, 3, 13, 14, 2, 1, 1, 4, 0, 0, 14, 14, 12, 14, 0, 0, 0, 0]
./log:here is the setUp: [0, 0, 0, 0, 0, 0, 2, 0, 0, 0, 3, 0, 5, 5, 4, 13, 13, 13, 14, 13, 14, 13, 8, 14, 1, 4, 0, 1, 0, 0, 0, 0, 3, 2, 4, 0, 13, 9, 0, 13, 14, 2, 1, 10, 4, 6, 6, 14, 13, 12, 14, 0, 0, 0, 6]
./log:here is the setUp: [0, 0, 0, 0, 0, 0, 0, 0, 0, 0, 3, 0, 0, 0, 0, 0, 13, 0, 6, 2, 0, 1, 0, 0, 0, 0, 0, 4, 0, 0, 0, 0, 3, 0, 4, 0, 0, 0, 0, 0, 3, 4, 0, 0, 0, 0, 1, 14, 3, 14, 14, 0, 0, 0, 0]
./log:here is the setUp: [0, 0, 0, 0, 0, 0, 0, 0, 0, 0, 3, 0, 5, 5, 4, 13, 13, 13, 14, 13, 14, 13, 8, 14, 1, 1, 8, 4, 4, 5, 4, 4, 3, 0, 0, 0, 2, 9, 4, 14, 3, 4, 1, 1, 4, 0, 0, 14, 14, 12, 14, 0, 0, 0, 0]
./log:here is the setUp: [0, 0, 0, 0, 0, 0, 0, 0, 0, 0, 11, 5, 3, 3, 4, 13, 13, 5, 14, 13, 5, 13, 8, 14, 1, 0, 0, 6, 0, 0, 0, 0, 3, 0, 4, 0, 6, 11, 4, 14, 3, 4, 0, 0, 0, 0, 0, 14, 14, 12, 14, 0, 0, 0, 0]
./log:here is the setUp: [0, 0, 0, 0, 0, 0, 0, 0, 0, 0, 11, 5, 3, 3, 4, 13, 13, 13, 14, 13, 5, 13, 8, 14, 1, 4, 0, 6, 0, 0, 0, 0, 3, 0, 4, 0, 6, 11, 4, 14, 3, 4, 0, 0, 4, 0, 0, 14, 14, 12, 14, 0, 0, 0, 0]
./log:here is the setUp: [0, 0, 0, 3, 0, 0, 2, 0, 0, 0, 0, 0, 5, 12, 13, 13, 13, 13, 14, 13, 5, 13, 8, 14, 1, 4, 8, 3, 4, 5, 0, 0, 3, 0, 4, 0, 13, 13, 0, 13, 14, 2, 1, 1, 4, 6, 0, 14, 14, 12, 14, 0, 0, 0, 11]
./log:here is the setUp: [0, 0, 0, 3, 0, 0, 0, 0, 0, 0, 3, 0, 5, 5, 4, 13, 13, 13, 14, 13, 14, 13, 8, 14, 1, 4, 8, 4, 4, 5, 4, 4, 3, 0, 0, 0, 2, 9, 4, 13, 14, 5, 13, 7, 2, 6, 0, 14, 14, 13, 14, 0, 0, 0, 11]
./log:here is the setUp: [0, 0, 0, 0, 0, 0, 0, 0, 0, 0, 0, 0, 0, 0, 0, 0, 13, 0, 14, 13, 5, 13, 0, 0, 0, 0, 0, 4, 4, 0, 0, 0, 3, 0, 4, 0, 6, 11, 4, 14, 3, 4, 0, 0, 0, 0, 0, 6, 3, 12, 14, 0, 0, 1, 0]
./log:here is the setUp: [0, 0, 0, 0, 0, 0, 0, 0, 0, 0, 0, 0, 3, 3, 0, 4, 8, 0, 14, 13, 5, 13, 8, 14, 1, 0, 0, 0, 0, 0, 0, 2, 0, 0, 0, 0, 0, 0, 4, 14, 3, 4, 0, 0, 0, 0, 0, 6, 3, 12, 14, 0, 0, 0, 8]
./log:here is the setUp: [0, 0, 0, 0, 0, 0, 0, 0, 0, 1, 0, 5, 3, 3, 4, 13, 13, 12, 14, 13, 5, 13, 8, 14, 1, 0, 0, 0, 0, 0, 0, 0, 3, 0, 4, 0, 6, 11, 4, 14, 3, 4, 0, 0, 0, 0, 1, 14, 14, 12, 14, 0, 0, 0, 0]
./log:here is the setUp: [0, 0, 0, 3, 0, 0, 2, 0, 0, 0, 0, 0, 5, 12, 13, 13, 13, 13, 14, 13, 5, 13, 8, 14, 1, 4, 8, 3, 4, 5, 0, 14, 13, 0, 5, 12, 13, 9, 4, 14, 14, 5, 13, 7, 2, 6, 9, 14, 14, 13, 14, 0, 0, 0, 11]
./log:here is the setUp: [0, 0, 0, 0, 0, 0, 0, 0, 0, 0, 0, 0, 0, 0, 0, 5, 13, 0, 14, 13, 7, 13, 8, 14, 1, 4, 0, 4, 0, 0, 0, 0, 0, 0, 4, 0, 6, 11, 4, 14, 3, 6, 5, 0, 0, 0, 1, 14, 6, 12, 14, 0, 0, 0, 0]
./log:here is the setUp: [0, 0, 0, 0, 0, 0, 0, 0, 0, 0, 3, 0, 5, 5, 4, 13, 13, 4, 14, 13, 5, 13, 8, 14, 1, 0, 0, 6, 0, 0, 0, 0, 3, 0, 4, 0, 6, 11, 4, 14, 3, 4, 0, 0, 0, 0, 0, 14, 14, 12, 14, 0, 0, 0, 0]
./log:here is the setUp: [0, 0, 0, 0, 0, 0, 0, 0, 0, 0, 0, 0, 3, 3, 4, 13, 13, 0, 14, 13, 5, 13, 8, 14, 1, 0, 0, 0, 0, 0, 0, 2, 0, 0, 4, 0, 6, 11, 4, 14, 3, 4, 0, 0, 0, 0, 1, 14, 14, 12, 14, 0, 0, 0, 0]
./log:here is the setUp: [0, 0, 0, 0, 0, 0, 0, 0, 0, 1, 0, 5, 3, 3, 4, 0, 13, 5, 14, 13, 0, 1, 0, 0, 0, 0, 0, 4, 0, 0, 0, 0, 3, 0, 4, 0, 0, 0, 0, 0, 0, 0, 0, 0, 0, 3, 0, 5, 3, 12, 14, 0, 0, 0, 8]
./log:here is the setUp: [0, 0, 0, 0, 2, 0, 0, 0, 0, 0, 0, 0, 5, 12, 13, 13, 13, 13, 14, 13, 5, 13, 8, 14, 1, 4, 8, 3, 4, 5, 0, 14, 13, 0, 5, 12, 13, 9, 4, 14, 14, 5, 13, 7, 2, 6, 9, 14, 14, 13, 14, 0, 0, 0, 11]
./log:here is the setUp: [0, 0, 0, 0, 0, 0, 2, 0, 0, 0, 0, 0, 5, 9, 3, 13, 13, 13, 14, 13, 3, 13, 8, 14, 1, 4, 0, 1, 0, 0, 0, 0, 3, 2, 4, 12, 13, 9, 0, 13, 14, 5, 13, 7, 2, 6, 0, 14, 14, 12, 14, 0, 0, 0, 6]
./log:here is the setUp: [0, 0, 0, 0, 0, 0, 0, 0, 0, 0, 11, 5, 3, 5, 4, 13, 13, 13, 14, 13, 14, 13, 8, 14, 1, 4, 8, 4, 4, 5, 4, 4, 3, 0, 4, 0, 13, 13, 3, 13, 14, 2, 1, 1, 4, 0, 0, 14, 14, 12, 14, 0, 0, 0, 0]
./log:here is the setUp: [0, 0, 0, 0, 2, 0, 0, 0, 0, 0, 0, 0, 3, 3, 4, 13, 13, 4, 14, 13, 5, 13, 8, 14, 1, 0, 0, 6, 0, 0, 0, 0, 3, 0, 4, 0, 6, 11, 4, 14, 3, 4, 0, 0, 0, 0, 0, 14, 14, 12, 14, 0, 0, 0, 0]
./log:here is the setUp: [0, 0, 0, 0, 0, 0, 0, 0, 0, 0, 3, 0, 5, 5, 4, 13, 13, 4, 14, 13, 5, 13, 8, 14, 1, 0, 0, 6, 0, 0, 0, 0, 3, 0, 4, 0, 6, 11, 4, 14, 3, 4, 0, 0, 0, 0, 1, 14, 6, 12, 14, 0, 0, 0, 0]
./log:here is the setUp: [0, 0, 0, 0, 0, 0, 0, 0, 0, 0, 0, 0, 0, 0, 0, 0, 13, 0, 14, 13, 5, 1, 0, 0, 0, 0, 0, 0, 0, 0, 0, 0, 3, 0, 0, 0, 0, 0, 0, 0, 3, 0, 0, 0, 0, 0, 0, 6, 3, 12, 14, 0, 0, 0, 0]
./log:here is the setUp: [0, 0, 0, 0, 0, 8, 0, 0, 0, 2, 0, 0, 5, 9, 12, 14, 13, 13, 14, 13, 5, 13, 7, 14, 1, 4, 8, 4, 4, 5, 4, 2, 7, 1, 1, 12, 13, 9, 0, 13, 14, 5, 13, 7, 2, 6, 9, 14, 14, 13, 14, 0, 0, 0, 12]
./log:here is the setUp: [0, 0, 0, 0, 0, 0, 0, 0, 0, 1, 0, 5, 3, 3, 4, 0, 13, 5, 14, 13, 0, 1, 0, 0, 0, 0, 0, 4, 0, 0, 0, 0, 3, 0, 4, 0, 6, 11, 4, 14, 3, 4, 0, 0, 0, 0, 0, 6, 3, 12, 14, 0, 0, 0, 8]
./log:here is the setUp: [0, 0, 0, 3, 0, 0, 0, 0, 0, 2, 0, 0, 5, 6, 12, 14, 13, 13, 14, 13, 5, 13, 7, 14, 1, 4, 8, 4, 4, 5, 4, 2, 7, 1, 0, 0, 2, 9, 0, 13, 14, 5, 13, 7, 2, 6, 10, 14, 14, 13, 14, 0, 0, 0, 11]
./log:here is the setUp: [0, 0, 0, 0, 0, 0, 0, 0, 0, 1, 0, 0, 5, 5, 4, 13, 13, 13, 14, 13, 14, 13, 8, 14, 1, 0, 0, 0, 0, 0, 0, 0, 3, 0, 4, 0, 6, 11, 4, 14, 14, 2, 1, 1, 4, 6, 10, 14, 14, 13, 14, 0, 0, 0, 0]
./log:here is the setUp: [0, 0, 0, 0, 0, 0, 0, 0, 0, 1, 0, 5, 3, 3, 4, 0, 13, 5, 6, 2, 0, 1, 0, 4, 0, 0, 0, 4, 0, 0, 0, 0, 3, 0, 4, 0, 0, 0, 0, 0, 0, 0, 0, 0, 0, 3, 0, 5, 3, 12, 14, 0, 0, 0, 0]
./log:here is the setUp: [0, 0, 0, 0, 0, 0, 0, 0, 0, 0, 11, 5, 3, 5, 4, 13, 13, 13, 14, 13, 14, 13, 8, 14, 1, 0, 0, 6, 0, 0, 0, 0, 3, 0, 0, 12, 6, 11, 4, 14, 3, 4, 0, 0, 0, 0, 0, 14, 14, 12, 14, 0, 0, 0, 0]
./log:here is the setUp: [0, 0, 0, 0, 2, 0, 0, 0, 0, 0, 0, 0, 5, 12, 13, 13, 13, 13, 14, 13, 14, 13, 8, 14, 1, 0, 0, 1, 0, 0, 0, 0, 3, 0, 4, 12, 13, 9, 4, 14, 14, 5, 13, 7, 2, 6, 9, 14, 14, 13, 14, 0, 0, 0, 11]
./log:here is the setUp: [0, 0, 0, 0, 0, 0, 0, 0, 0, 0, 0, 0, 0, 0, 0, 0, 13, 0, 14, 13, 5, 0, 0, 0, 0, 0, 0, 0, 0, 0, 0, 0, 3, 0, 4, 0, 0, 0, 0, 0, 3, 4, 0, 0, 0, 0, 0, 11, 3, 12, 14, 0, 0, 0, 0]
./log:here is the setUp: [0, 0, 0, 0, 0, 0, 0, 0, 4, 0, 0, 0, 0, 0, 0, 0, 0, 1, 6, 2, 0, 4, 0, 0, 0, 0, 0, 1, 0, 0, 0, 0, 0, 2, 0, 0, 0, 0, 0, 0, 0, 0, 0, 0, 0, 0, 0, 0, 1, 0, 0, 0, 0, 0, 10]
./log:here is the setUp: [0, 0, 0, 0, 0, 0, 0, 0, 0, 0, 3, 0, 5, 5, 4, 1, 13, 4, 14, 13, 5, 13, 8, 14, 1, 0, 0, 6, 0, 0, 0, 0, 3, 0, 4, 0, 6, 11, 4, 14, 3, 4, 0, 0, 0, 0, 1, 14, 6, 12, 14, 0, 0, 0, 0]
./log:here is the setUp: [0, 0, 0, 3, 0, 0, 2, 0, 0, 0, 0, 0, 5, 12, 13, 13, 13, 13, 14, 13, 8, 13, 8, 14, 1, 4, 8, 12, 4, 5, 4, 0, 3, 0, 0, 0, 0, 0, 0, 13, 14, 5, 13, 7, 2, 6, 0, 14, 14, 12, 14, 0, 0, 0, 11]
./log:here is the setUp: [0, 0, 0, 0, 2, 0, 0, 0, 0, 0, 0, 0, 5, 12, 13, 13, 13, 13, 14, 13, 14, 13, 11, 14, 1, 0, 0, 1, 0, 0, 0, 0, 3, 0, 4, 11, 7, 9, 0, 13, 14, 2, 0, 7, 2, 6, 9, 14, 14, 13, 14, 0, 0, 0, 11]
./log:here is the setUp: [0, 0, 0, 0, 0, 0, 0, 0, 0, 0, 0, 3, 3, 3, 0, 3, 0, 0, 6, 2, 0, 1, 0, 0, 0, 0, 0, 4, 0, 0, 2, 0, 0, 0, 0, 0, 0, 0, 2, 0, 3, 0, 0, 0, 0, 0, 0, 7, 0, 4, 0, 0, 0, 0, 0]
./log:here is the setUp: [0, 0, 0, 0, 0, 0, 0, 0, 0, 0, 0, 0, 0, 0, 0, 0, 13, 0, 14, 8, 7, 0, 0, 0, 0, 0, 0, 0, 0, 0, 0, 2, 0, 0, 0, 0, 0, 0, 0, 14, 3, 6, 0, 0, 0, 0, 1, 11, 3, 12, 14, 0, 0, 0, 0]
./log:here is the setUp: [0, 0, 0, 0, 0, 0, 0, 0, 0, 0, 11, 5, 3, 5, 4, 13, 13, 13, 14, 13, 14, 13, 8, 14, 1, 4, 8, 4, 4, 5, 4, 4, 3, 0, 0, 0, 6, 14, 4, 14, 3, 6, 5, 0, 0, 0, 1, 14, 6, 12, 14, 0, 0, 0, 0]
./log:here is the setUp: [0, 0, 0, 0, 0, 0, 0, 0, 0, 0, 11, 5, 3, 5, 4, 13, 13, 13, 14, 13, 14, 13, 8, 14, 1, 4, 8, 4, 4, 5, 4, 4, 3, 0, 0, 0, 6, 11, 4, 14, 3, 6, 5, 0, 0, 0, 1, 14, 6, 12, 14, 0, 4, 0, 0]
./log:here is the setUp: [0, 0, 0, 3, 0, 0, 0, 0, 5, 0, 3, 0, 5, 5, 4, 13, 13, 13, 14, 13, 14, 13, 8, 14, 1, 4, 8, 4, 4, 5, 4, 4, 3, 0, 0, 0, 2, 9, 4, 13, 14, 5, 13, 7, 2, 6, 0, 14, 14, 13, 14, 0, 0, 0, 11]
./log:here is the setUp: [0, 0, 0, 3, 0, 0, 0, 0, 0, 2, 0, 0, 5, 6, 12, 14, 13, 13, 14, 13, 5, 13, 7, 14, 1, 4, 8, 4, 4, 5, 4, 2, 3, 0, 0, 0, 0, 0, 0, 13, 14, 5, 13, 7, 2, 6, 10, 14, 14, 13, 14, 0, 0, 0, 11]
./log:here is the setUp: [0, 0, 0, 0, 0, 0, 0, 0, 0, 0, 0, 0, 5, 5, 4, 13, 13, 13, 14, 13, 14, 13, 8, 14, 1, 1, 8, 4, 4, 5, 4, 4, 3, 0, 4, 11, 7, 9, 0, 13, 14, 2, 0, 0, 4, 6, 0, 14, 14, 12, 14, 0, 0, 0, 6]
./log:here is the setUp: [0, 0, 0, 10, 0, 0, 2, 0, 0, 0, 0, 0, 5, 12, 13, 13, 13, 13, 14, 13, 5, 13, 8, 14, 1, 4, 8, 3, 4, 5, 0, 14, 13, 0, 5, 6, 13, 9, 4, 14, 14, 5, 13, 7, 2, 6, 9, 14, 14, 13, 14, 0, 0, 0, 11]
./log:here is the setUp: [0, 0, 0, 0, 0, 0, 0, 0, 0, 0, 0, 0, 3, 3, 0, 4, 8, 0, 6, 2, 0, 4, 0, 0, 4, 0, 0, 4, 0, 0, 2, 0, 0, 0, 0, 0, 0, 0, 2, 0, 3, 0, 0, 0, 0, 0, 0, 7, 0, 4, 0, 0, 0, 0, 0]
./log:here is the setUp: [0, 0, 0, 0, 0, 0, 0, 0, 0, 1, 0, 5, 3, 3, 4, 0, 13, 5, 6, 2, 0, 1, 0, 0, 0, 0, 0, 4, 0, 0, 0, 0, 3, 0, 4, 0, 0, 0, 0, 0, 0, 0, 0, 0, 0, 3, 0, 5, 3, 12, 14, 0, 0, 0, 8]
./log:here is the setUp: [0, 0, 0, 0, 0, 0, 0, 0, 0, 0, 11, 5, 3, 5, 4, 13, 13, 13, 14, 13, 14, 13, 8, 14, 1, 4, 8, 4, 4, 5, 4, 4, 3, 0, 0, 0, 6, 11, 4, 14, 3, 4, 0, 0, 0, 0, 0, 14, 14, 12, 14, 0, 0, 8, 0]
./log:here is the setUp: [0, 0, 0, 0, 0, 0, 0, 0, 0, 0, 0, 0, 3, 3, 0, 4, 8, 0, 14, 13, 5, 13, 8, 14, 1, 0, 0, 0, 0, 0, 0, 2, 0, 0, 0, 0, 2, 0, 4, 14, 3, 4, 0, 0, 0, 0, 0, 6, 3, 12, 14, 0, 0, 0, 8]
./log:here is the setUp: [0, 0, 0, 0, 2, 0, 0, 0, 0, 0, 0, 0, 3, 3, 0, 3, 0, 0, 6, 2, 0, 1, 0, 0, 0, 0, 0, 4, 0, 0, 0, 0, 3, 0, 4, 0, 0, 0, 0, 0, 0, 0, 0, 0, 0, 0, 0, 6, 3, 12, 14, 0, 0, 1, 0]
./log:here is the setUp: [0, 0, 0, 0, 0, 0, 0, 0, 0, 2, 3, 0, 5, 5, 0, 4, 8, 0, 14, 13, 5, 13, 8, 14, 1, 0, 0, 0, 0, 0, 0, 2, 0, 0, 0, 0, 0, 0, 4, 14, 3, 4, 0, 0, 0, 0, 1, 14, 3, 14, 14, 0, 0, 0, 0]
./log:here is the setUp: [0, 0, 0, 0, 0, 0, 0, 0, 0, 0, 0, 0, 0, 0, 0, 5, 13, 0, 14, 13, 7, 13, 8, 14, 1, 4, 0, 4, 0, 0, 0, 0, 0, 0, 4, 0, 0, 0, 1, 0, 0, 0, 0, 0, 0, 0, 1, 14, 6, 12, 14, 0, 0, 0, 0]
./log:here is the setUp: [0, 0, 0, 0, 0, 0, 2, 0, 0, 0, 0, 0, 5, 9, 3, 13, 13, 13, 14, 13, 3, 13, 8, 14, 1, 4, 0, 1, 0, 0, 0, 0, 3, 2, 4, 0, 13, 9, 0, 13, 14, 2, 1, 10, 4, 6, 6, 14, 14, 12, 14, 0, 0, 0, 6]
./log:here is the setUp: [0, 0, 0, 0, 2, 0, 0, 0, 0, 0, 11, 5, 3, 3, 4, 13, 13, 4, 14, 13, 5, 13, 8, 14, 1, 0, 0, 0, 0, 0, 0, 2, 0, 0, 4, 0, 6, 11, 4, 14, 3, 6, 0, 0, 0, 0, 1, 14, 6, 10, 14, 0, 0, 0, 0]
./log:here is the setUp: [0, 0, 0, 0, 0, 0, 0, 0, 0, 7, 11, 5, 3, 5, 4, 13, 13, 5, 14, 13, 14, 13, 8, 14, 1, 4, 8, 4, 4, 5, 4, 4, 3, 0, 4, 0, 13, 13, 3, 13, 14, 2, 1, 1, 4, 0, 0, 14, 14, 12, 14, 0, 0, 0, 0]
./log:here is the setUp: [0, 0, 0, 0, 0, 0, 0, 0, 0, 0, 11, 5, 3, 3, 4, 13, 13, 4, 14, 13, 5, 13, 8, 14, 1, 0, 0, 6, 0, 0, 0, 0, 3, 0, 4, 6, 6, 11, 4, 14, 3, 4, 0, 0, 0, 0, 0, 14, 14, 12, 14, 0, 0, 0, 6]
./log:here is the setUp: [0, 0, 0, 3, 0, 8, 0, 0, 0, 0, 0, 0, 5, 6, 12, 14, 13, 13, 14, 13, 5, 13, 8, 14, 1, 4, 8, 3, 4, 5, 0, 0, 3, 0, 4, 0, 13, 9, 0, 13, 14, 5, 13, 7, 2, 6, 10, 14, 14, 13, 14, 0, 0, 0, 11]
./log:here is the setUp: [0, 0, 0, 3, 0, 0, 2, 0, 0, 0, 0, 0, 5, 12, 13, 13, 13, 13, 14, 13, 5, 13, 8, 14, 1, 0, 0, 3, 4, 5, 0, 14, 13, 0, 5, 6, 13, 9, 4, 14, 14, 5, 13, 7, 2, 6, 9, 14, 14, 13, 14, 0, 0, 0, 0]
./log:here is the setUp: [0, 0, 0, 0, 0, 0, 0, 0, 0, 0, 0, 0, 5, 5, 4, 13, 13, 13, 14, 13, 14, 13, 8, 14, 1, 0, 0, 1, 0, 0, 0, 0, 3, 0, 4, 11, 7, 9, 0, 13, 14, 2, 0, 0, 4, 6, 1, 14, 14, 12, 14, 0, 0, 0, 6]
./log:here is the setUp: [0, 0, 0, 0, 0, 0, 0, 0, 0, 0, 0, 0, 0, 0, 0, 0, 13, 0, 14, 8, 0, 4, 0, 0, 0, 0, 0, 1, 0, 0, 0, 0, 3, 0, 4, 0, 0, 0, 0, 0, 3, 4, 0, 0, 0, 0, 0, 11, 3, 12, 14, 0, 0, 0, 5]
./log:here is the setUp: [0, 0, 0, 0, 0, 0, 0, 0, 0, 0, 0, 0, 0, 0, 0, 0, 13, 0, 6, 2, 0, 1, 0, 0, 0, 0, 0, 4, 0, 0, 0, 0, 3, 0, 4, 0, 0, 0, 0, 0, 3, 4, 0, 0, 0, 0, 0, 6, 3, 12, 14, 0, 0, 0, 0]
./log:here is the setUp: [0, 0, 0, 0, 0, 0, 0, 0, 0, 0, 11, 5, 3, 3, 4, 13, 13, 4, 14, 13, 5, 13, 8, 14, 1, 0, 0, 6, 0, 0, 0, 0, 3, 0, 4, 0, 6, 11, 4, 14, 3, 4, 0, 1, 0, 0, 0, 14, 4, 12, 14, 0, 0, 0, 0]
./log:here is the setUp: [0, 0, 0, 0, 0, 0, 0, 0, 0, 0, 3, 0, 5, 5, 4, 13, 13, 13, 14, 13, 6, 13, 8, 14, 1, 4, 0, 4, 0, 0, 0, 0, 3, 2, 4, 0, 6, 11, 4, 14, 3, 4, 0, 0, 0, 0, 0, 14, 14, 12, 14, 0, 0, 0, 0]
./log:here is the setUp: [0, 0, 0, 0, 2, 0, 0, 0, 0, 0, 0, 0, 3, 3, 0, 3, 0, 0, 6, 2, 0, 0, 0, 0, 0, 0, 0, 0, 0, 0, 0, 0, 0, 0, 0, 0, 0, 0, 0, 0, 3, 5, 0, 0, 0, 0, 0, 6, 3, 12, 14, 0, 0, 1, 0]
./log:here is the setUp: [0, 0, 0, 0, 2, 0, 0, 0, 0, 0, 0, 0, 0, 0, 0, 0, 13, 0, 6, 2, 0, 1, 0, 0, 0, 0, 0, 4, 2, 0, 0, 0, 3, 0, 0, 0, 0, 0, 0, 3, 0, 0, 0, 0, 0, 0, 0, 6, 3, 12, 14, 0, 0, 0, 3]
./log:here is the setUp: [0, 0, 0, 0, 0, 0, 2, 2, 0, 0, 3, 0, 5, 5, 4, 13, 13, 13, 14, 13, 14, 13, 8, 14, 1, 4, 0, 1, 0, 0, 0, 0, 3, 2, 4, 12, 13, 9, 0, 13, 14, 5, 13, 7, 2, 6, 0, 14, 14, 12, 14, 0, 0, 0, 6]
./log:here is the setUp: [0, 0, 0, 0, 0, 0, 0, 0, 0, 0, 11, 5, 3, 3, 9, 13, 13, 5, 14, 13, 5, 13, 8, 14, 1, 0, 0, 6, 0, 0, 0, 0, 3, 0, 4, 0, 6, 11, 4, 14, 3, 4, 0, 0, 0, 0, 0, 6, 3, 12, 14, 0, 0, 0, 8]
./log:here is the setUp: [0, 0, 0, 0, 0, 0, 0, 0, 0, 1, 0, 5, 3, 3, 4, 0, 13, 5, 6, 2, 0, 1, 0, 4, 0, 0, 0, 4, 0, 0, 0, 0, 3, 0, 4, 0, 0, 0, 0, 0, 0, 0, 0, 0, 0, 0, 0, 14, 3, 12, 14, 0, 0, 0, 0]
./log:here is the setUp: [0, 0, 0, 0, 0, 0, 0, 0, 0, 0, 0, 0, 3, 3, 3, 14, 13, 13, 14, 13, 5, 13, 8, 14, 1, 4, 0, 4, 0, 0, 0, 0, 0, 0, 4, 0, 6, 11, 4, 14, 3, 6, 5, 0, 0, 0, 1, 14, 6, 12, 14, 0, 0, 0, 0]
./log:here is the setUp: [0, 0, 0, 0, 0, 0, 0, 0, 0, 0, 0, 0, 0, 0, 0, 5, 13, 0, 14, 13, 5, 13, 0, 0, 1, 4, 0, 4, 0, 0, 0, 0, 0, 0, 4, 0, 0, 0, 1, 0, 0, 0, 0, 0, 0, 0, 1, 14, 6, 12, 14, 0, 0, 0, 0]
./log:here is the setUp: [0, 0, 0, 0, 0, 0, 0, 0, 0, 0, 11, 5, 3, 5, 4, 13, 13, 5, 14, 13, 14, 13, 8, 14, 1, 4, 8, 4, 4, 5, 4, 4, 3, 0, 4, 0, 13, 13, 3, 13, 14, 2, 1, 1, 4, 0, 0, 14, 14, 12, 14, 0, 0, 0, 0]
./log:here is the setUp: [0, 0, 0, 0, 0, 0, 2, 0, 0, 0, 3, 0, 5, 5, 4, 13, 13, 13, 14, 13, 14, 13, 8, 14, 1, 4, 0, 1, 0, 0, 0, 0, 3, 2, 4, 0, 13, 9, 0, 13, 14, 2, 1, 10, 4, 6, 6, 14, 13, 12, 14, 0, 0, 0, 6]
./log:here is the setUp: [0, 0, 0, 0, 0, 0, 0, 0, 0, 0, 3, 0, 0, 0, 0, 0, 13, 0, 6, 2, 0, 1, 0, 0, 0, 0, 0, 4, 0, 0, 0, 0, 3, 0, 4, 0, 0, 0, 0, 0, 3, 4, 0, 0, 0, 0, 1, 14, 3, 14, 14, 0, 0, 0, 0]
./log:here is the setUp: [0, 0, 0, 0, 0, 0, 0, 0, 0, 0, 3, 0, 5, 5, 4, 13, 13, 13, 14, 13, 14, 13, 8, 14, 1, 1, 8, 4, 4, 5, 4, 4, 3, 0, 0, 0, 2, 9, 4, 14, 3, 4, 1, 1, 4, 0, 0, 14, 14, 12, 14, 0, 0, 0, 0]
